0.428571428571429	1	0.986881937436932
		
0	0.454545454545455	0.415741675075681
0.571428571428571	0.727272727272727	0.365287588294652
		
0.428571428571429	0.454545454545455	0.565085771947528
		
0	0.363636363636364	0.594349142280525
		
0	0.545454545454545	0.718466195761857
		
0	0.727272727272727	0.308779011099899
		
0.285714285714286	0.545454545454545	0.884964682139253
		
1	1	0.384460141271443
0.428571428571429	1	0.440968718466196
		
0	0.454545454545455	0.322906155398587
		
0.428571428571429	1	1
		
0.428571428571429	0.454545454545455	0.471241170534813
0.428571428571429	1	0.192734611503532
0.428571428571429	0.818181818181818	0.46518668012109
		
0.142857142857143	0.272727272727273	0.498486377396569
		
0	0.363636363636364	0.565085771947528
		
0.428571428571429	0.181818181818182	0.697275479313824
		
0	0.727272727272727	0.408678102926337
		
0.428571428571429	0.545454545454545	0.296670030272452
		
0	0.0909090909090909	0.370332996972755
		
0.428571428571429	0.454545454545455	0.588294651866801
		
0	0.727272727272727	0.459132189707366
0.428571428571429	0.545454545454545	0.364278506559031
		
0.428571428571429	0.363636363636364	0.633703329969728
		
0.142857142857143	0	0.371342078708375
		
0	0.636363636363636	0.836528758829465
		
0.428571428571429	0.909090909090909	0.566094853683148
1	0.363636363636364	0.446014127144299
		
1	0.727272727272727	0.587285570131181
		
0.428571428571429	0.454545454545455	0.559031281533804
		
0.428571428571429	0.454545454545455	0.693239152371342
		
0.428571428571429	0.636363636363636	0.835519677093845
		
0.428571428571429	0.454545454545455	0.471241170534813
		
0	0.818181818181818	0.570131180625631
0.428571428571429	0.272727272727273	0.510595358224016
		
0.428571428571429	0.0909090909090909	0
0.285714285714286	0.454545454545455	0.616548940464178

