0.571428571428571	0.545454545454545	0.261904761904762	0.595411
0.571428571428571	0.454545454545455	0.293650793650794	0.643797
0.428571428571429	0.636363636363636	0.305555555555556	0.588632
0.571428571428571	0.454545454545455	0.297619047619048	0.605596
0.333333333333333	0.363636363636364	0.436507936507936	0.576764
0.428571428571429	0.545454545454545	0.222222222222222	0.636492
0.285714285714286	0.454545454545455	0.345238095238095	0.576764
0.428571428571429	0.545454545454545	0.317460317460317	0.594332
0.428571428571429	0.363636363636364	0.384920634920635	0.542083
0.380952380952381	0.636363636363636	0.273809523809524	0.595411
0.238095238095238	0.636363636363636	0.234126984126984	0.636492
			
0.619047619047619	0.363636363636364	0.317460317460317	0.526165
0.0952380952380952	0.727272727272727	0.5	0.578733
0.333333333333333	0.727272727272727	0.365079365079365	0.974291
0.142857142857143	0.727272727272727	0.432539682539683	0.615538
0.19047619047619	0.363636363636364	0.619047619047619	0.727603
0.0952380952380952	0.818181818181818	0.472222222222222	0.557005
0.523809523809524	0.181818181818182	0.722222222222222	0.492231
0.333333333333333	0.181818181818182	0.734126984126984	0.659366
0.333333333333333	0.272727272727273	0.734126984126984	0.492231
0.285714285714286	0.545454545454545	0.373015873015873	0.632775
0.619047619047619	0.181818181818182	0.595238095238095	0.597071
0.19047619047619	0.545454545454545	0.436507936507936	0.598956
0.666666666666667	0.181818181818182	0.773809523809524	0.419557
0.428571428571429	0.454545454545455	0.408730158730159	0.615538
0.476190476190476	0.181818181818182	0.702380952380952	0.597071
0.666666666666667	0.0909090909090909	0.694444444444444	0.567501
0.142857142857143	0.545454545454545	0.579365079365079	0.727603
0.142857142857143	0.545454545454545	0.611111111111111	0.597071
0.380952380952381	0.454545454545455	0.476190476190476	0.578733
0.238095238095238	0.636363636363636	0.416666666666667	0.349676
			
0.238095238095238	0.0909090909090909	0.25	0.356437
0.238095238095238	0	0.25	0.429554
0.428571428571429	0.454545454545455	0.214285714285714	0.289734
0.238095238095238	0.181818181818182	0.242063492063492	0.251291
0.142857142857143	0.272727272727273	0.222222222222222	0.364759
0.238095238095238	0.0909090909090909	0.21031746031746	0.493402
0.238095238095238	0.181818181818182	0.218253968253968	0.320759
0.238095238095238	0	0.246031746031746	0.465752
			
0.380952380952381	0.545454545454545	0.23015873015873	0.235905
0.0952380952380952	0.818181818181818	0.325396825396825	0.225461
0.571428571428571	0.363636363636364	0.285714285714286	0.430924
0.380952380952381	0.545454545454545	0.301587301587302	0.225461
0.0952380952380952	0.727272727272727	0.337301587301587	0.274328
0.428571428571429	0.454545454545455	0.400793650793651	0.182642
0.380952380952381	0.454545454545455	0.333333333333333	0.209102
			
0.428571428571429	0.272727272727273	0.396825396825397	0.689155
0.380952380952381	0.363636363636364	0.380952380952381	0.484734
0.428571428571429	0.454545454545455	0.285714285714286	0.462154
0.0952380952380952	0.727272727272727	0.317460317460317	0.693819
0.0952380952380952	0.727272727272727	0.404761904761905	0.344335
0.380952380952381	0.454545454545455	0.30952380952381	0.541650
0.380952380952381	0.545454545454545	0.373015873015873	0.362614
0.0952380952380952	0.727272727272727	0.321428571428571	0.508403
0.238095238095238	0.545454545454545	0.301587301587302	0.409718
0.619047619047619	0.181818181818182	0.448412698412698	0.672453
			
0.666666666666667	0.181818181818182	0.571428571428571	0.656934
0.714285714285714	0.0909090909090909	0.599206349206349	0.680140
0.666666666666667	0.272727272727273	0.571428571428571	0.516583
0.333333333333333	0.181818181818182	0.44047619047619	0.786097
0.666666666666667	0.181818181818182	0.575396825396825	0.627011
0.666666666666667	0.181818181818182	0.579365079365079	0.570793
0.666666666666667	0.0909090909090909	0.595238095238095	0.688523
0.523809523809524	0.181818181818182	0.496031746031746	0.680140
0.476190476190476	0.363636363636364	0.468253968253968	0.516583
0.333333333333333	0.363636363636364	0.416666666666667	0.573601
			
0.571428571428571	0.0909090909090909	0.484126984126984	0.729160
0.523809523809524	0.181818181818182	0.420634920634921	0.665192
0.761904761904762	0.0909090909090909	0.507936507936508	0.569613
0.238095238095238	0.636363636363636	0.257936507936508	0.476388
0.619047619047619	0.0909090909090909	0.488095238095238	0.726275
0.619047619047619	0.0909090909090909	0.503968253968254	0.659827
0.285714285714286	0.545454545454545	0.325396825396825	0.476388
0.285714285714286	0.454545454545455	0.341269841269841	0.521316
0.619047619047619	0.0909090909090909	0.464285714285714	0.745154
0.476190476190476	0.454545454545455	0.277777777777778	0.476388
0.761904761904762	0	0.496031746031746	0.729160
			
0.428571428571429	0.636363636363636	0.416666666666667	0.474744
0.333333333333333	0.636363636363636	0.507936507936508	0.482892
0.142857142857143	0.909090909090909	0.484126984126984	0.568226
0.476190476190476	0.363636363636364	0.511904761904762	0.588048
0.476190476190476	0.272727272727273	0.535714285714286	0.642166
0.0952380952380952	1	0.48015873015873	0.432772
0.428571428571429	0.454545454545455	0.619047619047619	0.481714
0.19047619047619	0.727272727272727	0.472222222222222	0.514110
0.333333333333333	0.545454545454545	0.503968253968254	0.527961
0.523809523809524	0.363636363636364	0.702380952380952	0.481090
0.333333333333333	0.545454545454545	0.515873015873016	0.494593
0.285714285714286	0.545454545454545	0.579365079365079	0.446868
0.476190476190476	0.272727272727273	0.53968253968254	0.569959
0.666666666666667	0.181818181818182	0.567460317460317	0.675174
0.476190476190476	0.363636363636364	0.456349206349206	0.622269
0.333333333333333	0.454545454545455	0.658730158730159	0.446868
0.285714285714286	0.727272727272727	0.412698412698413	0.482892
0.142857142857143	1	0.432539682539683	0.548028
0.476190476190476	0.363636363636364	0.51984126984127	0.586584
			
0.333333333333333	0.181818181818182	0.432539682539683	0.685712
0.0952380952380952	0.545454545454545	0.317460317460317	0.652105
0.619047619047619	0.363636363636364	0.46031746031746	0.478951
0.333333333333333	0.181818181818182	0.44047619047619	0.550607
0.523809523809524	0.0909090909090909	0.452380952380952	0.685712
0.0476190476190476	0.545454545454545	0.257936507936508	0.759386
0.380952380952381	0.454545454545455	0.25	0.486613
0.428571428571429	0.363636363636364	0.329365079365079	0.491654
0.333333333333333	0.181818181818182	0.396825396825397	0.810552
0.523809523809524	0	0.424603174603175	0.859810
0.571428571428571	0.272727272727273	0.297619047619048	0.540554
0.285714285714286	0.636363636363636	0.313492063492063	0.486613
0.380952380952381	0.272727272727273	0.30952380952381	0.652722
0.0476190476190476	0.727272727272727	0.218253968253968	0.476903
0.0952380952380952	0.636363636363636	0.281746031746032	0.540554
0.571428571428571	0.181818181818182	0.349206349206349	0.688523
0.523809523809524	0.0909090909090909	0.408730158730159	0.810552
0.333333333333333	0.545454545454545	0.376984126984127	0.492912
0.476190476190476	0.272727272727273	0.555555555555556	0.525222
0.142857142857143	0.727272727272727	0.26984126984127	0.444319
0.666666666666667	0.181818181818182	0.523809523809524	0.525222
0.238095238095238	0.363636363636364	0.26984126984127	0.519789
0.428571428571429	0.181818181818182	0.293650793650794	0.826477
0.238095238095238	0.272727272727273	0.257936507936508	0.694288
0.619047619047619	0.181818181818182	0.353174603174603	0.649021
0.380952380952381	0.545454545454545	0.305555555555556	0.463456
0.571428571428571	0.454545454545455	0.365079365079365	0.478951
			
0.571428571428571	0.181818181818182	0.551587301587302	0.710791
0.380952380952381	0.727272727272727	0.511904761904762	0.427528
0.238095238095238	0.636363636363636	0.448412698412698	0.522329
0.142857142857143	0.454545454545455	0.349206349206349	0.847920
0.0952380952380952	1	0.527777777777778	0.427528
0.571428571428571	0.0909090909090909	0.55952380952381	0.749415
0.0952380952380952	0.909090909090909	0.48015873015873	0.556950
0.571428571428571	0.636363636363636	0.563492063492063	0.472754
0.238095238095238	0.545454545454545	0.444444444444444	0.619854
0.0952380952380952	0.727272727272727	0.488095238095238	0.739294
0.380952380952381	0.818181818181818	0.55952380952381	0.314936
0.285714285714286	0.909090909090909	0.579365079365079	0.472754
0.428571428571429	0.454545454545455	0.496031746031746	0.697926
0.380952380952381	0.181818181818182	0.53968253968254	0.749415
0.0952380952380952	1	0.476190476190476	0.662691
			
0.380952380952381	0.636363636363636	0.218253968253968	0.557513
0.285714285714286	0.727272727272727	0.246031746031746	0.631988
0.285714285714286	0.636363636363636	0.265873015873016	0.646080
0.142857142857143	0.636363636363636	0.376984126984127	0.480983
0.428571428571429	0.363636363636364	0.353174603174603	0.486613
0.285714285714286	0.727272727272727	0.25	0.629908
0.142857142857143	0.545454545454545	0.329365079365079	0.682872
0.0952380952380952	0.818181818181818	0.19047619047619	0.629908
0.142857142857143	0.636363636363636	0.353174603174603	0.486613
0.142857142857143	0.545454545454545	0.365079365079365	0.570793
0.476190476190476	0.454545454545455	0.333333333333333	0.462787
0.428571428571429	0.545454545454545	0.238095238095238	0.583394
0.428571428571429	0.272727272727273	0.277777777777778	0.686939
0.285714285714286	0.727272727272727	0.182539682539683	0.674214
0.0952380952380952	0.727272727272727	0.26984126984127	0.481090
0.285714285714286	0.363636363636364	0.281746031746032	0.573601
0.285714285714286	0.636363636363636	0.21031746031746	0.761257
0.285714285714286	0.272727272727273	0.305555555555556	0.565310
0.142857142857143	0.545454545454545	0.384920634920635	0.534922
0.428571428571429	0.272727272727273	0.261904761904762	0.696720
0.285714285714286	0.636363636363636	0.257936507936508	0.678541
			
0.285714285714286	0.909090909090909	0.325396825396825	0.517834
0.142857142857143	1	0.373015873015873	0.480078
0.238095238095238	0.545454545454545	0.317460317460317	0.530741
0.0952380952380952	1	0.361111111111111	0.517834
0.380952380952381	0.727272727272727	0.341269841269841	0.517834
0.0952380952380952	0.909090909090909	0.396825396825397	0.464066
0.0952380952380952	0.727272727272727	0.392857142857143	0.570793
0.476190476190476	0.545454545454545	0.257936507936508	0.507092
0.0952380952380952	0.818181818181818	0.341269841269841	0.563291
0.285714285714286	0.909090909090909	0.257936507936508	0.531870
			
0.476190476190476	0.272727272727273	0.305555555555556	0.333550
0.333333333333333	0.363636363636364	0.376984126984127	0.256726
0.523809523809524	0.181818181818182	0.349206349206349	0.329190
0.380952380952381	0.272727272727273	0.53968253968254	0.196597
0.476190476190476	0.363636363636364	0.214285714285714	0.329190
0.571428571428571	0.181818181818182	0.527777777777778	0.219322
0.523809523809524	0.0909090909090909	0.404761904761905	0.368696
0.380952380952381	0.272727272727273	0.48015873015873	0.219322
0.285714285714286	0.272727272727273	0.25	0.404476
0.428571428571429	0.272727272727273	0.222222222222222	0.353937
0.380952380952381	0.181818181818182	0.400793650793651	0.358973
0.571428571428571	0.0909090909090909	0.408730158730159	0.358973
0.285714285714286	0.272727272727273	0.341269841269841	0.333550
0.285714285714286	0.363636363636364	0.317460317460317	0.333550
0.571428571428571	0.0909090909090909	0.428571428571429	0.344077
0.476190476190476	0.181818181818182	0.321428571428571	0.333550
0.523809523809524	0.0909090909090909	0.365079365079365	0.384191
0.428571428571429	0.363636363636364	0.206349206349206	0.333550
			
0.476190476190476	0.181818181818182	0.365079365079365	0.301975
0.428571428571429	0.363636363636364	0.341269841269841	0.453830
0.476190476190476	0.272727272727273	0.472222222222222	0.236846
0.380952380952381	0.454545454545455	0.28968253968254	0.642101
0.238095238095238	0.545454545454545	0.273809523809524	0.344252
0.571428571428571	0.272727272727273	0.321428571428571	0.659366
0.238095238095238	0.454545454545455	0.325396825396825	0.142465
0.285714285714286	0.363636363636364	0.416666666666667	0.142465
			
0.476190476190476	0.818181818181818	0.869047619047619	0.561788
1	0.272727272727273	0.896825396825397	0.584791
0.476190476190476	0.727272727272727	0.900793650793651	0.503073
0.476190476190476	0.818181818181818	0.845238095238095	0.594462
0.523809523809524	0.636363636363636	1	0.503073
0.857142857142857	0.181818181818182	0.932539682539682	0.623487
0.761904761904762	0.545454545454545	0.845238095238095	0.561788
			
0.380952380952381	0.454545454545455	0.214285714285714	0.513743
0.0952380952380952	0.636363636363636	0.246031746031746	0.551796
0.428571428571429	0.545454545454545	0.28968253968254	0.428112
0.380952380952381	0.454545454545455	0.194444444444444	0.617264
0.523809523809524	0.0909090909090909	0.523809523809524	0.522982
0.142857142857143	0.636363636363636	0.265873015873016	0.481636
0.571428571428571	0.272727272727273	0.253968253968254	0.551796
0.523809523809524	0.0909090909090909	0.547619047619048	0.456730
0.619047619047619	0.272727272727273	0.261904761904762	0.526716
0.285714285714286	0.272727272727273	0.436507936507936	0.471265
0.333333333333333	0.181818181818182	0.492063492063492	0.537274
0.333333333333333	0.272727272727273	0.456349206349206	0.401213
0.333333333333333	0.181818181818182	0.51984126984127	0.456730
0.428571428571429	0.454545454545455	0.21031746031746	0.493931
0.619047619047619	0.363636363636364	0.234126984126984	0.493931
0.428571428571429	0.454545454545455	0.297619047619048	0.460218
0.428571428571429	0.363636363636364	0.242063492063492	0.526716
			
0.428571428571429	0.545454545454545	0.76984126984127	0.194506
0.523809523809524	0.272727272727273	0.575396825396825	0.400762
0.0952380952380952	0.818181818181818	0.468253968253968	0.377306
0.142857142857143	0.727272727272727	0.571428571428571	0.182642
0.476190476190476	0.272727272727273	0.357142857142857	0.708747
0.523809523809524	0.454545454545455	0.69047619047619	0.097541
0.238095238095238	0.545454545454545	0.714285714285714	0.444780
0.238095238095238	0.545454545454545	0.686507936507936	0.454713
0.619047619047619	0.363636363636364	0.51984126984127	0.306952
0.714285714285714	0.272727272727273	0.746031746031746	0.194506
0.238095238095238	0.727272727272727	0.71031746031746	0.097541
0.238095238095238	0.636363636363636	0.698412698412698	0.194506
0.428571428571429	0.636363636363636	0.773809523809524	0.080034
0.238095238095238	0.727272727272727	0.714285714285714	0.000000
0.619047619047619	0.272727272727273	0.496031746031746	0.393571
0.142857142857143	0.818181818181818	0.476190476190476	0.367924
			
0.476190476190476	0.181818181818182	0.452380952380952	0.613417
0.428571428571429	0.363636363636364	0.222222222222222	0.510074
0.476190476190476	0.272727272727273	0.317460317460317	0.477940
0.238095238095238	0.545454545454545	0.198412698412698	0.343572
0.285714285714286	0.363636363636364	0.293650793650794	0.477940
0.0476190476190476	0.636363636363636	0.44047619047619	0.489403
0.238095238095238	0.454545454545455	0.19047619047619	0.510074
0.0476190476190476	0.727272727272727	0.420634920634921	0.443380
0.238095238095238	0.363636363636364	0.345238095238095	0.549533
0.238095238095238	0.454545454545455	0.182539682539683	0.567063
0.428571428571429	0.363636363636364	0.198412698412698	0.567063
0.476190476190476	0.272727272727273	0.297619047619048	0.510074
			
0.142857142857143	0.181818181818182	0.0476190476190476	0.194022
0.19047619047619	0.181818181818182	0.0238095238095238	0.279935
0.0476190476190476	0.454545454545455	0.0634920634920635	0.284933
0.142857142857143	0.181818181818182	0.0119047619047619	0.318437
0	0.454545454545455	0.0396825396825397	0.301975
0	0.454545454545455	0.0873015873015873	0.239358
0.19047619047619	0.181818181818182	0.0357142857142857	0.264274
0.285714285714286	0.272727272727273	0	0.479331
0.19047619047619	0.181818181818182	0.0555555555555556	0.177894
			
0.238095238095238	0.454545454545455	0.313492063492063	0.207692
0.333333333333333	0.272727272727273	0.444444444444444	0.378168
0.476190476190476	0.363636363636364	0.408730158730159	0.133041
0.476190476190476	0.272727272727273	0.432539682539683	0.194022
0.333333333333333	0.454545454545455	0.384920634920635	0.147076
0.142857142857143	0.636363636363636	0.365079365079365	0.387677
0.285714285714286	0.363636363636364	0.380952380952381	0.174229
0.19047619047619	0.636363636363636	0.515873015873016	0.297968
0.0476190476190476	0.636363636363636	0.46031746031746	0.517547
0.285714285714286	0.363636363636364	0.349206349206349	0.236846
0.0476190476190476	0.545454545454545	0.48015873015873	0.453830
0.0952380952380952	0.636363636363636	0.420634920634921	0.360947
0.476190476190476	0.272727272727273	0.408730158730159	0.236846
0.19047619047619	0.727272727272727	0.492063492063492	0.288698
0.142857142857143	0.727272727272727	0.412698412698413	0.366304
0.285714285714286	0.454545454545455	0.369047619047619	0.159213
0.142857142857143	0.727272727272727	0.456349206349206	0.289566
0.523809523809524	0.181818181818182	0.428571428571429	0.325567
			
0.142857142857143	0.909090909090909	0.468253968253968	0.552719
0.142857142857143	0.909090909090909	0.448412698412698	0.552935
0.333333333333333	0.909090909090909	0.321428571428571	0.513873
0.380952380952381	0.636363636363636	0.285714285714286	0.775928
0.19047619047619	0.909090909090909	0.472222222222222	0.385533
0.19047619047619	0.818181818181818	0.48015873015873	0.433935
0.142857142857143	1	0.357142857142857	0.513873
0.19047619047619	0.818181818181818	0.428571428571429	0.592200
0.428571428571429	0.727272727272727	0.349206349206349	0.513873
0.333333333333333	0.636363636363636	0.396825396825397	0.497461
0.476190476190476	0.636363636363636	0.448412698412698	0.385533
0.333333333333333	0.909090909090909	0.265873015873016	0.608749
			
0.523809523809524	0.272727272727273	0.337301587301587	0.793136
0.238095238095238	0.272727272727273	0.575396825396825	0.544736
0.428571428571429	0.181818181818182	0.297619047619048	0.954517
0.476190476190476	0.454545454545455	0.337301587301587	0.468091
0.333333333333333	0.181818181818182	0.337301587301587	0.935936
0.666666666666667	0.0909090909090909	0.452380952380952	0.816925
0.476190476190476	0.181818181818182	0.349206349206349	0.848973
0.142857142857143	0.545454545454545	0.293650793650794	1.000000
0.142857142857143	0.454545454545455	0.333333333333333	0.954517
0.285714285714286	0.545454545454545	0.373015873015873	0.468091
0.523809523809524	0.181818181818182	0.448412698412698	0.765149
0.285714285714286	0.454545454545455	0.404761904761905	0.457973
0.333333333333333	0.272727272727273	0.357142857142857	0.765149
0.714285714285714	0.181818181818182	0.424603174603175	0.793136
0.333333333333333	0.363636363636364	0.496031746031746	0.457973
0.238095238095238	0.181818181818182	0.579365079365079	0.533016
0.523809523809524	0.0909090909090909	0.408730158730159	0.935936
0.19047619047619	0.363636363636364	0.444444444444444	0.476388
0.619047619047619	0.0909090909090909	0.369047619047619	0.954517
0.19047619047619	0.363636363636364	0.345238095238095	0.481090
			
0.619047619047619	0.363636363636364	0.599206349206349	0.336136
0.476190476190476	0.363636363636364	0.543650793650794	0.404122
0.476190476190476	0.454545454545455	0.53968253968254	0.344055
0.523809523809524	0.363636363636364	0.468253968253968	0.696592
0.333333333333333	0.363636363636364	0.575396825396825	0.625494
0.476190476190476	0.454545454545455	0.523809523809524	0.411884
0.285714285714286	0.272727272727273	0.583333333333333	0.740060
0.333333333333333	0.363636363636364	0.51984126984127	0.692122
0.619047619047619	0.363636363636364	0.603174603174603	0.289187
0.285714285714286	0.545454545454545	0.55952380952381	0.411884
0.571428571428571	0.454545454545455	0.253968253968254	0.371360
0.571428571428571	0.454545454545455	0.238095238095238	0.457979
0.523809523809524	0.272727272727273	0.829365079365079	0.453830
			
0.19047619047619	0.545454545454545	0.734126984126984	0.541650
0.333333333333333	0.727272727272727	0.452380952380952	0.870284
0.238095238095238	0.636363636363636	0.686507936507936	0.430167
0.666666666666667	0.363636363636364	0.51984126984127	0.870284
0.142857142857143	0.727272727272727	0.623015873015873	0.518785
0.19047619047619	0.454545454545455	0.563492063492063	0.595119
0.619047619047619	0.454545454545455	0.432539682539683	0.870284
0.19047619047619	0.727272727272727	0.706349206349206	0.380048
0.19047619047619	0.636363636363636	0.757936507936508	0.325542
0.19047619047619	0.454545454545455	0.765873015873016	0.484734
0.19047619047619	0.636363636363636	0.734126984126984	0.397393
0.476190476190476	0.272727272727273	0.71031746031746	0.541650
0.142857142857143	0.636363636363636	0.638888888888889	0.541650
0.19047619047619	0.727272727272727	0.678571428571429	0.383917
0.380952380952381	0.727272727272727	0.46031746031746	0.864709
			
0.285714285714286	0.818181818181818	0.380952380952381	0.434628
0.19047619047619	0.636363636363636	0.718253968253968	0.362614
0.238095238095238	0.545454545454545	0.448412698412698	0.311058
0.523809523809524	0.181818181818182	0.718253968253968	0.452844
0.476190476190476	0.545454545454545	0.357142857142857	0.434628
0.333333333333333	0.272727272727273	0.626984126984127	0.452844
0.0952380952380952	0.818181818181818	0.531746031746032	0.315247
0.428571428571429	0.454545454545455	0.404761904761905	0.311058
0.476190476190476	0.363636363636364	0.488095238095238	0.311058
0.142857142857143	0.818181818181818	0.468253968253968	0.430167
0.0952380952380952	0.727272727272727	0.53968253968254	0.311058
			
0.238095238095238	0.545454545454545	0.198412698412698	0.481090
0.380952380952381	0.545454545454545	0.28968253968254	0.466146
0.571428571428571	0.454545454545455	0.26984126984127	0.434580
0.476190476190476	0.272727272727273	0.412698412698413	0.322040
0.571428571428571	0.545454545454545	0.253968253968254	0.390753
0.285714285714286	0.363636363636364	0.297619047619048	0.476388
0.476190476190476	0.272727272727273	0.365079365079365	0.354477
0.380952380952381	0.636363636363636	0.28968253968254	0.390753
0.285714285714286	0.818181818181818	0.277777777777778	0.326102
0.333333333333333	0.363636363636364	0.301587301587302	0.411705
0.476190476190476	0.363636363636364	0.333333333333333	0.313425
0.333333333333333	0.363636363636364	0.353174603174603	0.345696
0.0952380952380952	0.909090909090909	0.297619047619048	0.390753
0.666666666666667	0.272727272727273	0.361111111111111	0.313425
0.523809523809524	0.363636363636364	0.30952380952381	0.369245
0.285714285714286	0.727272727272727	0.285714285714286	0.369118
0.380952380952381	0.545454545454545	0.297619047619048	0.434580
			
0.19047619047619	0.818181818181818	0.583333333333333	0.517834
0.142857142857143	0.727272727272727	0.484126984126984	0.675651
0.714285714285714	0.181818181818182	0.626984126984127	0.799732
0.19047619047619	0.727272727272727	0.591269841269841	0.534090
0.666666666666667	0.272727272727273	0.452380952380952	0.833547
0.19047619047619	0.818181818181818	0.535714285714286	0.531870
0.142857142857143	0.818181818181818	0.468253968253968	0.654121
0.142857142857143	0.636363636363636	0.515873015873016	0.619573
0.142857142857143	0.909090909090909	0.476190476190476	0.517834
0.238095238095238	0.818181818181818	0.591269841269841	0.480078
0.714285714285714	0.181818181818182	0.551587301587302	0.833547
			
0.238095238095238	0.818181818181818	0.551587301587302	0.513873
0.333333333333333	0.454545454545455	0.511904761904762	0.492747
0.619047619047619	0.272727272727273	0.388888888888889	0.653168
0.142857142857143	0.636363636363636	0.468253968253968	0.702529
0.19047619047619	0.545454545454545	0.563492063492063	0.702529
0.19047619047619	0.636363636363636	0.511904761904762	0.515122
			
0.238095238095238	0.272727272727273	0.281746031746032	0.132906
0.238095238095238	0.454545454545455	0.25	0.086539
0.238095238095238	0.272727272727273	0.198412698412698	0.270898
0.238095238095238	0.454545454545455	0.238095238095238	0.117329
0.238095238095238	0.363636363636364	0.301587301587302	0.064629
0.238095238095238	0.363636363636364	0.138888888888889	0.132906
			
0.285714285714286	0.727272727272727	0.246031746031746	0.807104
0.428571428571429	0.545454545454545	0.404761904761905	0.568301
0.0952380952380952	0.909090909090909	0.329365079365079	0.568301
0.238095238095238	0.545454545454545	0.26984126984127	0.750483
0.380952380952381	0.636363636363636	0.273809523809524	0.636719
0.571428571428571	0.545454545454545	0.301587301587302	0.564927
0.238095238095238	0.454545454545455	0.277777777777778	0.748833
0.0952380952380952	0.909090909090909	0.305555555555556	0.634318
0.285714285714286	0.545454545454545	0.353174603174603	0.589960
0.0952380952380952	0.818181818181818	0.305555555555556	0.676686
0.0952380952380952	0.909090909090909	0.28968253968254	0.636719
0.19047619047619	0.818181818181818	0.436507936507936	0.525089
0.476190476190476	0.363636363636364	0.25	0.629843
0.142857142857143	0.818181818181818	0.432539682539683	0.538331
0.19047619047619	0.727272727272727	0.444444444444444	0.572327
0.142857142857143	0.727272727272727	0.436507936507936	0.620680
0.380952380952381	0.636363636363636	0.567460317460317	0.541443
0.142857142857143	0.818181818181818	0.412698412698413	0.568301
0.333333333333333	0.636363636363636	0.55952380952381	0.585245
0.142857142857143	0.818181818181818	0.345238095238095	0.572327
0.428571428571429	0.545454545454545	0.242063492063492	0.841544

