
32.0, 3.0, 83.73333333333333, 898.0, 1000.0, 0.3279437739039209
21.0, 8.0, 83.91071428571428, 871.0, 1000.0, 0.3252468682277554
28.0, 6.0, 75.35416666666667, 909.0, 1000.0, 0.3224487923443671
21.0, 8.0, 81.91071428571428, 874.0, 1000.0, 0.32925048305843657
28.0, 5.0, 89.98571428571428, 874.0, 1000.0, 0.3336789849490488
27.0, 7.0, 74.54285714285714, 902.0, 1000.0, 0.32315634635756013
27.0, 7.0, 78.54285714285714, 876.0, 1000.0, 0.3279437739039209
21.0, 7.0, 79.92857142857142, 882.0, 1000.0, 0.32592495172259794
27.0, 7.0, 78.54285714285714, 906.0, 1000.0, 0.3228444338754327
22.0, 6.0, 69.56666666666668, 896.0, 1000.0, 0.3266134930883122
28.0, 4.0, 86.03571428571428, 895.0, 1000.0, 0.32925048305843657
28.0, 3.0, 84.26666666666667, 909.0, 1000.0, 0.3332309271649855
17.0, 6.0, 78.10000000000001, 870.0, 1000.0, 0.33508209375090225
22.0, 7.0, 78.67619047619047, 901.0, 1000.0, 0.3238567456695767
21.0, 5.0, 69.7625, 905.0, 1000.0, 0.32939324659663194
28.0, 6.0, 76.29166666666667, 905.0, 1000.0, 0.3224487923443671
34.0, 5.0, 91.98571428571428, 905.0, 1000.0, 0.32111498245703196
28.0, 6.0, 72.0952380952381, 903.0, 1000.0, 0.32316342220983163
28.0, 6.0, 71.35416666666667, 911.0, 1000.0, 0.32101133142288507
26.0, 8.0, 77.525, 850.0, 1000.0, 0.3279437739039209
13.0, 8.0, 82.4375, 872.0, 1000.0, 0.3336789849490488
32.0, 3.0, 77.62745098039215, 909.0, 1000.0, 0.32316342220983163
28.0, 4.0, 76.60294117647058, 919.0, 1000.0, 0.32939324659663194
27.0, 7.0, 71.39285714285714, 911.0, 1000.0, 0.3172561421796807
18.0, 8.0, 78.91071428571428, 910.0, 1000.0, 0.32925048305843657
17.0, 7.0, 79.92857142857142, 837.0, 1000.0, 0.3305424928226161
21.0, 6.0, 70.63333333333334, 887.0, 1000.0, 0.32455769299320447
28.0, 4.0, 80.65, 907.0, 1000.0, 0.3279437739039209
22.0, 8.0, 82.91071428571428, 901.0, 1000.0, 0.32111498245703196
29.0, 4.0, 87.32692307692308, 889.0, 1000.0, 0.3305424928226161
19.0, 9.0, 83.89682539682539, 913.0, 1000.0, 0.325284099956999
23.0, 8.0, 84.20192307692308, 895.0, 1000.0, 0.32232861197569557
28.0, 5.0, 84.98571428571428, 876.0, 1000.0, 0.33244493425034366
28.0, 5.0, 76.7625, 928.0, 1000.0, 0.3272744369195597
28.0, 7.0, 79.54285714285714, 904.0, 1000.0, 0.3198905209919739
28.0, 5.0, 74.825, 936.0, 1000.0, 0.3273997247908179
32.0, 3.0, 78.8, 906.0, 1000.0, 0.3266134930883122
34.0, 5.0, 93.98571428571428, 882.0, 1000.0, 0.3305424928226161
28.0, 5.0, 85.98571428571428, 902.0, 1000.0, 0.32701342831184543
34.0, 6.0, 94.95238095238095, 880.0, 1000.0, 0.325284099956999
18.0, 8.0, 76.91071428571428, 912.0, 1000.0, 0.32592495172259794
32.0, 3.0, 79.52083333333333, 903.0, 1000.0, 0.3224487923443671
34.0, 4.0, 88.32692307692308, 894.0, 1000.0, 0.32592495172259794
28.0, 5.0, 88.98571428571428, 900.0, 1000.0, 0.3281617890602341
28.0, 4.0, 88.03571428571428, 885.0, 1000.0, 0.3305424928226161
32.0, 3.0, 78.93333333333332, 900.0, 1000.0, 0.3266134930883122
29.0, 5.0, 90.98571428571428, 898.0, 1000.0, 0.325284099956999
31.0, 4.0, 78.65, 896.0, 1000.0, 0.32315634635756013
32.0, 2.0, 78.0, 919.0, 1000.0, 0.3273997247908179
34.0, 5.0, 90.825, 891.0, 1000.0, 0.32859999854536526

27.0, 7.0, 78.54285714285714, 876.0, 1000.0, 0.3279437739039209
28.0, 7.0, 79.54285714285714, 904.0, 1000.0, 0.3198905209919739
22.0, 6.0, 73.56666666666668, 894.0, 1000.0, 0.3279437739039209
31.0, 4.0, 82.65, 870.0, 1000.0, 0.3279437739039209
32.0, 3.0, 81.68627450980391, 913.0, 1000.0, 0.32455769299320447
28.0, 6.0, 75.35416666666667, 909.0, 1000.0, 0.3224487923443671
28.0, 6.0, 75.72916666666667, 928.0, 1000.0, 0.32135392836424115
26.0, 9.0, 87.89682539682539, 882.0, 1000.0, 0.32405072792695194
32.0, 2.0, 80.0625, 922.0, 1000.0, 0.32939324659663194
27.0, 7.0, 70.33035714285714, 906.0, 1000.0, 0.3172561421796807
23.0, 8.0, 84.65833333333333, 912.0, 1000.0, 0.32232861197569557
33.0, 6.0, 90.95238095238095, 884.0, 1000.0, 0.32701342831184543
22.0, 7.0, 80.67619047619047, 909.0, 1000.0, 0.32592495172259794
32.0, 3.0, 82.73333333333333, 900.0, 1000.0, 0.32455769299320447
28.0, 5.0, 89.98571428571428, 874.0, 1000.0, 0.3336789849490488
28.0, 8.0, 85.65833333333333, 915.0, 1000.0, 0.316076619815833
22.0, 6.0, 69.56666666666668, 896.0, 1000.0, 0.3266134930883122
21.0, 8.0, 82.91071428571428, 903.0, 1000.0, 0.3240507279269519
27.0, 7.0, 78.33035714285714, 882.0, 1000.0, 0.33038083043097505
28.0, 6.0, 72.51960784313725, 921.0, 1000.0, 0.32316342220983163
17.0, 7.0, 79.92857142857142, 846.0, 1000.0, 0.3305424928226161
34.0, 5.0, 91.98571428571428, 905.0, 1000.0, 0.32111498245703196
22.0, 8.0, 80.99166666666667, 907.0, 1000.0, 0.3234498487389452
28.0, 6.0, 73.56666666666668, 908.0, 1000.0, 0.32316342220983163
26.0, 3.0, 73.73333333333333, 890.0, 1000.0, 0.3266134930883122
27.0, 7.0, 74.54285714285714, 898.0, 1000.0, 0.32315634635756013
32.0, 2.0, 76.85294117647058, 927.0, 1000.0, 0.32535094104447115
24.0, 7.0, 73.54285714285714, 915.0, 1000.0, 0.32455769299320447
27.0, 7.0, 69.54285714285714, 904.0, 1000.0, 0.3217338643040248
21.0, 8.0, 81.91071428571428, 874.0, 1000.0, 0.32925048305843657
26.0, 3.0, 76.73333333333333, 888.0, 1000.0, 0.3279437739039209
27.0, 7.0, 73.60952380952381, 884.0, 1000.0, 0.3266134930883122
28.0, 6.0, 75.8809523809524, 901.0, 1000.0, 0.32455769299320447
17.0, 7.0, 74.07619047619048, 909.0, 1000.0, 0.3306886202078364
21.0, 5.0, 69.7625, 906.0, 1000.0, 0.32939324659663194

27.0, 7.0, 72.54285714285714, 904.0, 1000.0, 0.31952874182898455
21.0, 6.0, 70.63333333333334, 887.0, 1000.0, 0.32455769299320447
31.0, 4.0, 82.65, 900.0, 1000.0, 0.3228444338754327
28.0, 5.0, 89.98571428571428, 876.0, 1000.0, 0.34023100341990864
17.0, 7.0, 83.67619047619047, 852.0, 1000.0, 0.3336789849490488
25.0, 5.0, 86.98571428571428, 907.0, 1000.0, 0.3336789849490488
22.0, 8.0, 82.91071428571428, 901.0, 1000.0, 0.32111498245703196
32.0, 2.0, 80.0625, 922.0, 1000.0, 0.32939324659663194
22.0, 5.0, 69.7625, 918.0, 1000.0, 0.32939324659663194
18.0, 8.0, 80.91071428571428, 900.0, 1000.0, 0.3305424928226161
25.0, 5.0, 82.2, 909.0, 1000.0, 0.33244493425034366
26.0, 3.0, 77.73333333333333, 888.0, 1000.0, 0.3279437739039209
21.0, 7.0, 69.54285714285714, 892.0, 1000.0, 0.32315634635756013
19.0, 9.0, 84.89682539682539, 913.0, 1000.0, 0.325284099956999
28.0, 6.0, 73.33333333333333, 919.0, 1000.0, 0.3214001296669954
28.0, 6.0, 79.63333333333334, 912.0, 1000.0, 0.32315634635756013
22.0, 7.0, 83.21978021978022, 882.0, 1000.0, 0.3305424928226161
31.0, 4.0, 82.71666666666667, 876.0, 1000.0, 0.3279437739039209
18.0, 7.0, 69.60952380952381, 909.0, 1000.0, 0.3279437739039209
23.0, 8.0, 83.65833333333333, 905.0, 1000.0, 0.32050512170644524
28.0, 6.0, 73.63333333333334, 914.0, 1000.0, 0.32316342220983163
27.0, 5.0, 84.98571428571428, 897.0, 1000.0, 0.3240507279269519
17.0, 6.0, 80.85416666666667, 878.0, 1000.0, 0.33508209375090225
26.0, 8.0, 73.525, 871.0, 1000.0, 0.32315634635756013
27.0, 7.0, 79.54285714285714, 877.0, 1000.0, 0.3279437739039209
27.0, 7.0, 73.54285714285714, 878.0, 1000.0, 0.3266134930883122
32.0, 3.0, 78.73333333333333, 900.0, 1000.0, 0.3266134930883122
32.0, 3.0, 81.62745098039215, 907.0, 1000.0, 0.32455769299320447
28.0, 5.0, 72.55294117647058, 933.0, 1000.0, 0.32535094104447115
28.0, 5.0, 73.0, 917.0, 1000.0, 0.3273997247908179
28.0, 7.0, 77.49579831932772, 919.0, 1000.0, 0.3167290023159103
32.0, 3.0, 77.0392156862745, 922.0, 1000.0, 0.3267255535828645
21.0, 6.0, 70.35416666666667, 892.0, 1000.0, 0.3266134930883122
18.0, 7.0, 70.54285714285714, 903.0, 1000.0, 0.3279437739039209
28.0, 4.0, 88.03571428571428, 885.0, 1000.0, 0.3305424928226161
21.0, 7.0, 64.54285714285714, 894.0, 1000.0, 0.3217338643040248
24.0, 4.0, 82.18333333333334, 912.0, 1000.0, 0.33508209375090225
31.0, 4.0, 78.71666666666667, 901.0, 1000.0, 0.32315634635756013

27.0, 7.0, 78.54285714285714, 876.0, 1000.0, 0.3279437739039209
32.0, 3.0, 78.93333333333332, 900.0, 1000.0, 0.3266134930883122
28.0, 6.0, 75.35416666666667, 909.0, 1000.0, 0.3224487923443671
24.0, 4.0, 80.38333333333333, 930.0, 1000.0, 0.3326067093620861
27.0, 7.0, 74.54285714285714, 902.0, 1000.0, 0.32315634635756013
32.0, 3.0, 78.8, 906.0, 1000.0, 0.3266134930883122
27.0, 3.0, 73.08333333333333, 936.0, 1000.0, 0.3267255535828645
21.0, 7.0, 79.92857142857142, 882.0, 1000.0, 0.32592495172259794
31.0, 4.0, 78.65, 896.0, 1000.0, 0.32315634635756013
27.0, 8.0, 83.65833333333333, 882.0, 1000.0, 0.3238567456695767
17.0, 7.0, 79.92857142857142, 846.0, 1000.0, 0.3305424928226161
19.0, 9.0, 83.89682539682539, 913.0, 1000.0, 0.325284099956999
18.0, 7.0, 69.54285714285714, 903.0, 1000.0, 0.3279437739039209
24.0, 5.0, 81.98571428571428, 904.0, 1000.0, 0.32925048305843657
34.0, 5.0, 92.98571428571428, 905.0, 1000.0, 0.32111498245703196
28.0, 8.0, 84.65833333333333, 915.0, 1000.0, 0.316076619815833
26.0, 3.0, 78.73333333333333, 888.0, 1000.0, 0.3279437739039209
22.0, 8.0, 82.91071428571428, 901.0, 1000.0, 0.32111498245703196
29.0, 5.0, 91.98571428571428, 898.0, 1000.0, 0.325284099956999
21.0, 6.0, 66.56666666666668, 883.0, 1000.0, 0.32316342220983163
22.0, 5.0, 70.7625, 918.0, 1000.0, 0.32939324659663194
17.0, 6.0, 79.10000000000001, 870.0, 1000.0, 0.33508209375090225
28.0, 6.0, 75.79166666666667, 934.0, 1000.0, 0.32135392836424115
34.0, 4.0, 85.5625, 917.0, 1000.0, 0.3217266423539294
28.0, 5.0, 90.98571428571428, 874.0, 1000.0, 0.3336789849490488
31.0, 4.0, 82.4375, 876.0, 1000.0, 0.33038083043097505
32.0, 2.0, 81.125, 928.0, 1000.0, 0.32939324659663194
28.0, 4.0, 88.03571428571428, 885.0, 1000.0, 0.3305424928226161
31.0, 4.0, 82.65, 870.0, 1000.0, 0.3279437739039209
27.0, 7.0, 69.54285714285714, 904.0, 1000.0, 0.3217338643040248
28.0, 7.0, 79.54285714285714, 904.0, 1000.0, 0.3198905209919739
23.0, 8.0, 84.20192307692308, 893.0, 1000.0, 0.32232861197569557

27.0, 7.0, 74.54285714285714, 902.0, 1000.0, 0.32315634635756013
23.0, 8.0, 87.91071428571428, 904.0, 1000.0, 0.325284099956999
22.0, 6.0, 73.56666666666668, 894.0, 1000.0, 0.3279437739039209
31.0, 4.0, 82.65, 870.0, 1000.0, 0.3279437739039209
32.0, 2.0, 81.0625, 922.0, 1000.0, 0.3272744369195597
28.0, 6.0, 75.80952380952381, 895.0, 1000.0, 0.32455769299320447
17.0, 7.0, 79.92857142857142, 847.0, 1000.0, 0.3305424928226161
28.0, 7.0, 79.54285714285714, 904.0, 1000.0, 0.3198905209919739
22.0, 6.0, 70.41666666666667, 909.0, 1000.0, 0.31952874182898455
23.0, 8.0, 74.525, 885.0, 1000.0, 0.3279437739039209
31.0, 4.0, 78.65, 896.0, 1000.0, 0.32315634635756013
32.0, 3.0, 78.93333333333332, 900.0, 1000.0, 0.3266134930883122
27.0, 7.0, 70.33035714285714, 906.0, 1000.0, 0.3172561421796807
28.0, 9.0, 92.89682539682539, 886.0, 1000.0, 0.325284099956999
27.0, 7.0, 78.54285714285714, 876.0, 1000.0, 0.3279437739039209
18.0, 7.0, 69.54285714285714, 903.0, 1000.0, 0.3279437739039209
17.0, 6.0, 78.10000000000001, 870.0, 1000.0, 0.33508209375090225
22.0, 7.0, 81.92857142857142, 903.0, 1000.0, 0.32592495172259794
23.0, 6.0, 67.85416666666667, 936.0, 1000.0, 0.3267255535828645
32.0, 3.0, 81.62745098039215, 906.0, 1000.0, 0.32455769299320447
18.0, 7.0, 69.33035714285714, 909.0, 1000.0, 0.33038083043097505
28.0, 4.0, 74.65, 909.0, 1000.0, 0.3266134930883122
28.0, 4.0, 88.03571428571428, 885.0, 1000.0, 0.3305424928226161
27.0, 8.0, 87.4375, 892.0, 1000.0, 0.32592495172259794
22.0, 7.0, 74.54285714285714, 890.0, 1000.0, 0.3383936511340936
35.0, 5.0, 95.27142857142857, 922.0, 1000.0, 0.32232861197569557
32.0, 3.0, 80.62745098039215, 907.0, 1000.0, 0.32455769299320447
35.0, 2.0, 93.125, 919.0, 1000.0, 0.33508209375090225
25.0, 4.0, 83.18333333333334, 925.0, 1000.0, 0.33508209375090225
25.0, 5.0, 86.98571428571428, 907.0, 1000.0, 0.3336789849490488
28.0, 9.0, 89.11111111111111, 888.0, 1000.0, 0.32412009263094665
27.0, 7.0, 74.54285714285714, 878.0, 1000.0, 0.3266134930883122
22.0, 6.0, 70.3, 905.0, 1000.0, 0.3266134930883122
26.0, 3.0, 77.73333333333333, 888.0, 1000.0, 0.3279437739039209
32.0, 3.0, 81.73333333333333, 900.0, 1000.0, 0.32455769299320447
28.0, 5.0, 89.98571428571428, 874.0, 1000.0, 0.3336789849490488

28.0, 6.0, 75.80952380952381, 893.0, 1000.0, 0.32455769299320447
34.0, 5.0, 90.98571428571428, 882.0, 1000.0, 0.33244493425034366
24.0, 7.0, 71.78571428571428, 902.0, 1000.0, 0.32455769299320447
32.0, 2.0, 80.0625, 922.0, 1000.0, 0.32939324659663194
17.0, 6.0, 71.63333333333334, 933.0, 1000.0, 0.3326067093620861
27.0, 7.0, 78.54285714285714, 876.0, 1000.0, 0.3279437739039209
20.0, 8.0, 78.91071428571428, 859.0, 1000.0, 0.3209859318223715
17.0, 7.0, 79.92857142857142, 837.0, 1000.0, 0.3305424928226161
32.0, 3.0, 80.58333333333333, 909.0, 1000.0, 0.3224487923443671
18.0, 8.0, 76.65833333333333, 908.0, 1000.0, 0.33038083043097505
28.0, 6.0, 75.35416666666667, 905.0, 1000.0, 0.3224487923443671
24.0, 5.0, 81.98571428571428, 904.0, 1000.0, 0.32925048305843657
28.0, 4.0, 88.03571428571428, 885.0, 1000.0, 0.3411729582219048
21.0, 7.0, 79.92857142857142, 882.0, 1000.0, 0.32592495172259794
24.0, 4.0, 82.18333333333334, 912.0, 1000.0, 0.33508209375090225
24.0, 7.0, 69.64285714285714, 911.0, 1000.0, 0.3224487923443671
33.0, 5.0, 91.98571428571428, 874.0, 1000.0, 0.32925048305843657
22.0, 6.0, 70.3, 905.0, 1000.0, 0.3266134930883122
28.0, 6.0, 75.56666666666668, 899.0, 1000.0, 0.32711277452791865
31.0, 4.0, 73.71666666666667, 903.0, 1000.0, 0.3217338643040248
22.0, 6.0, 73.35416666666667, 900.0, 1000.0, 0.33038083043097505
22.0, 6.0, 73.56666666666668, 893.0, 1000.0, 0.3279437739039209
32.0, 3.0, 78.73333333333333, 900.0, 1000.0, 0.3266134930883122
17.0, 6.0, 71.22916666666667, 934.0, 1000.0, 0.33508209375090225
26.0, 3.0, 77.73333333333333, 888.0, 1000.0, 0.3279437739039209
28.0, 4.0, 89.03571428571428, 885.0, 1000.0, 0.3305424928226161
13.0, 8.0, 75.91071428571428, 846.0, 1000.0, 0.3305424928226161
23.0, 3.0, 74.8, 927.0, 1000.0, 0.3326067093620861
21.0, 5.0, 69.7625, 905.0, 1000.0, 0.32939324659663194
34.0, 5.0, 91.98571428571428, 905.0, 1000.0, 0.32111498245703196
28.0, 6.0, 75.72916666666667, 928.0, 1000.0, 0.32135392836424115
32.0, 3.0, 79.97619047619047, 887.0, 1000.0, 0.32455769299320447
23.0, 8.0, 74.525, 915.0, 1000.0, 0.3228444338754327
28.0, 6.0, 71.8809523809524, 903.0, 1000.0, 0.32316342220983163
24.0, 7.0, 66.78571428571428, 904.0, 1000.0, 0.32316342220983163
28.0, 5.0, 72.0, 917.0, 1000.0, 0.3273997247908179
27.0, 7.0, 70.78571428571428, 891.0, 1000.0, 0.31952874182898455
28.0, 4.0, 75.89285714285714, 896.0, 1000.0, 0.32455769299320447
28.0, 6.0, 75.50000000000001, 901.0, 1000.0, 0.3266134930883122
27.0, 8.0, 74.525, 902.0, 1000.0, 0.31542613530276165
27.0, 7.0, 70.54285714285714, 905.0, 1000.0, 0.3217338643040248

28.0, 4.0, 87.03571428571428, 895.0, 1000.0, 0.32925048305843657
28.0, 6.0, 73.7, 908.0, 1000.0, 0.32316342220983163
28.0, 3.0, 86.26666666666667, 909.0, 1000.0, 0.33508209375090225
28.0, 6.0, 75.35416666666667, 909.0, 1000.0, 0.3224487923443671
34.0, 5.0, 92.73333333333333, 883.0, 1000.0, 0.32859999854536526
22.0, 6.0, 68.56666666666668, 896.0, 1000.0, 0.3266134930883122
27.0, 7.0, 78.54285714285714, 876.0, 1000.0, 0.3279437739039209
24.0, 7.0, 73.54285714285714, 915.0, 1000.0, 0.32455769299320447
22.0, 5.0, 70.825, 924.0, 1000.0, 0.32939324659663194
28.0, 3.0, 82.02083333333333, 911.0, 1000.0, 0.33133574087388284
28.0, 5.0, 76.7625, 928.0, 1000.0, 0.3272744369195597
35.0, 2.0, 93.1875, 923.0, 1000.0, 0.33508209375090225
28.0, 7.0, 79.54285714285714, 900.0, 1000.0, 0.3198905209919739
21.0, 6.0, 78.10000000000001, 904.0, 1000.0, 0.3306886202078364
22.0, 6.0, 73.56666666666668, 894.0, 1000.0, 0.3279437739039209
27.0, 7.0, 74.54285714285714, 902.0, 1000.0, 0.32315634635756013
24.0, 7.0, 73.43697478991596, 922.0, 1000.0, 0.32455769299320447
35.0, 2.0, 93.03333333333333, 926.0, 1000.0, 0.33508209375090225
27.0, 7.0, 78.54285714285714, 906.0, 1000.0, 0.3228444338754327
26.0, 9.0, 87.89682539682539, 851.0, 1000.0, 0.32925048305843657
23.0, 5.0, 83.73333333333333, 922.0, 1000.0, 0.33508209375090225
34.0, 4.0, 86.78333333333333, 909.0, 1000.0, 0.3238567456695767
28.0, 6.0, 71.35416666666667, 911.0, 1000.0, 0.32101133142288507
29.0, 5.0, 90.98571428571428, 898.0, 1000.0, 0.325284099956999
21.0, 7.0, 83.92857142857142, 873.0, 1000.0, 0.32007427277709877
23.0, 5.0, 83.8875, 919.0, 1000.0, 0.33508209375090225
21.0, 7.0, 79.92857142857142, 882.0, 1000.0, 0.32592495172259794
29.0, 4.0, 87.78333333333333, 899.0, 1000.0, 0.32859999854536526
28.0, 6.0, 75.80952380952381, 893.0, 1000.0, 0.32455769299320447
29.0, 4.0, 83.875, 909.0, 1000.0, 0.32925777885719254
28.0, 6.0, 73.41666666666667, 917.0, 1000.0, 0.3202741639587604
28.0, 5.0, 73.0, 919.0, 1000.0, 0.3273997247908179
27.0, 6.0, 71.72916666666667, 926.0, 1000.0, 0.32464999372084336
18.0, 9.0, 82.89682539682539, 889.0, 1000.0, 0.3336789849490488
33.0, 5.0, 90.98571428571428, 874.0, 1000.0, 0.32925048305843657
32.0, 2.0, 80.125, 928.0, 1000.0, 0.32939324659663194
25.0, 5.0, 84.825, 916.0, 1000.0, 0.3305424928226161
18.0, 7.0, 69.54285714285714, 903.0, 1000.0, 0.3279437739039209
17.0, 7.0, 75.27619047619046, 923.0, 1000.0, 0.3326067093620861
24.0, 7.0, 71.39285714285714, 924.0, 1000.0, 0.3224487923443671
28.0, 4.0, 81.5, 917.0, 1000.0, 0.3279437739039209
28.0, 4.0, 86.78333333333333, 901.0, 1000.0, 0.33164423384014924
29.0, 4.0, 88.48529411764706, 894.0, 1000.0, 0.3328952742231576
18.0, 6.0, 74.35416666666667, 942.0, 1000.0, 0.3326067093620861
25.0, 5.0, 85.98571428571428, 907.0, 1000.0, 0.3336789849490488
32.0, 3.0, 79.97619047619047, 889.0, 1000.0, 0.32455769299320447

23.0, 8.0, 74.525, 885.0, 1000.0, 0.3279437739039209
28.0, 9.0, 92.89682539682539, 886.0, 1000.0, 0.325284099956999
18.0, 7.0, 69.54285714285714, 903.0, 1000.0, 0.3279437739039209
31.0, 4.0, 82.65, 870.0, 1000.0, 0.3279437739039209
17.0, 7.0, 79.92857142857142, 846.0, 1000.0, 0.3305424928226161
22.0, 6.0, 69.35416666666667, 895.0, 1000.0, 0.3224487923443671
28.0, 7.0, 79.54285714285714, 904.0, 1000.0, 0.3198905209919739
27.0, 7.0, 76.43697478991596, 915.0, 1000.0, 0.3197324178766068
27.0, 8.0, 83.65833333333333, 917.0, 1000.0, 0.3190907455312689
27.0, 7.0, 78.54285714285714, 876.0, 1000.0, 0.3279437739039209
32.0, 2.0, 81.0625, 922.0, 1000.0, 0.3272744369195597
26.0, 3.0, 73.52083333333333, 889.0, 1000.0, 0.3224487923443671
21.0, 7.0, 79.92857142857142, 882.0, 1000.0, 0.32592495172259794
28.0, 5.0, 85.98571428571428, 876.0, 1000.0, 0.33244493425034366
29.0, 8.0, 90.20192307692308, 903.0, 1000.0, 0.32232861197569557
28.0, 9.0, 89.64444444444445, 889.0, 1000.0, 0.32050512170644524
27.0, 7.0, 74.54285714285714, 878.0, 1000.0, 0.3266134930883122
18.0, 7.0, 62.07142857142858, 935.0, 1000.0, 0.32316342220983163
22.0, 6.0, 67.27777777777779, 904.0, 1000.0, 0.3202741639587604
26.0, 3.0, 72.33333333333333, 895.0, 1000.0, 0.32508294058722803
26.0, 3.0, 77.66666666666667, 883.0, 1000.0, 0.3279437739039209
28.0, 5.0, 89.98571428571428, 874.0, 1000.0, 0.3336789849490488
28.0, 7.0, 77.51785714285714, 915.0, 1000.0, 0.3186466581577645
27.0, 5.0, 78.60000000000001, 879.0, 1000.0, 0.3279437739039209
28.0, 7.0, 77.54285714285714, 906.0, 1000.0, 0.3167290023159103
22.0, 5.0, 69.7625, 918.0, 1000.0, 0.32939324659663194
34.0, 5.0, 91.98571428571428, 905.0, 1000.0, 0.32111498245703196
23.0, 3.0, 81.26666666666667, 864.0, 1000.0, 0.33508209375090225
32.0, 2.0, 78.79411764705883, 917.0, 1000.0, 0.32939324659663194
17.0, 6.0, 79.10000000000001, 870.0, 1000.0, 0.33508209375090225
32.0, 1.0, 83.55555555555556, 966.0, 1000.0, 0.32939324659663194
24.0, 5.0, 84.98571428571428, 894.0, 1000.0, 0.3305424928226161
35.0, 5.0, 90.98571428571428, 912.0, 1000.0, 0.32112231792417634
22.0, 6.0, 73.50000000000001, 889.0, 1000.0, 0.3279437739039209
16.0, 7.0, 78.07619047619048, 848.0, 1000.0, 0.33508209375090225

27.0, 9.0, 91.89682539682539, 860.0, 1000.0, 0.3336789849490488
19.0, 9.0, 83.89682539682539, 913.0, 1000.0, 0.325284099956999
25.0, 5.0, 86.98571428571428, 907.0, 1000.0, 0.3336789849490488
28.0, 3.0, 86.26666666666667, 909.0, 1000.0, 0.33508209375090225
27.0, 7.0, 74.54285714285714, 902.0, 1000.0, 0.32315634635756013
28.0, 6.0, 75.35416666666667, 909.0, 1000.0, 0.3224487923443671
35.0, 2.0, 93.0625, 919.0, 1000.0, 0.33508209375090225
27.0, 7.0, 78.54285714285714, 876.0, 1000.0, 0.3279437739039209
21.0, 7.0, 73.60952380952381, 878.0, 1000.0, 0.33231285678349376
27.0, 8.0, 75.59166666666667, 907.0, 1000.0, 0.31542613530276165
23.0, 8.0, 71.59166666666667, 916.0, 1000.0, 0.32315634635756013
28.0, 4.0, 85.03571428571428, 895.0, 1000.0, 0.32925048305843657
27.0, 7.0, 78.54285714285714, 906.0, 1000.0, 0.3228444338754327
32.0, 3.0, 79.97619047619047, 887.0, 1000.0, 0.32455769299320447
31.0, 4.0, 78.71666666666667, 901.0, 1000.0, 0.32315634635756013
28.0, 5.0, 89.98571428571428, 874.0, 1000.0, 0.3336789849490488
18.0, 7.0, 69.54285714285714, 903.0, 1000.0, 0.3279437739039209
22.0, 8.0, 82.91071428571428, 901.0, 1000.0, 0.32111498245703196
21.0, 6.0, 70.56666666666668, 881.0, 1000.0, 0.32455769299320447
29.0, 3.0, 85.26666666666667, 924.0, 1000.0, 0.3332309271649854
22.0, 5.0, 70.7625, 918.0, 1000.0, 0.32939324659663194
28.0, 7.0, 74.54285714285714, 906.0, 1000.0, 0.3218170049006577
32.0, 2.0, 80.0625, 922.0, 1000.0, 0.32939324659663194
34.0, 5.0, 90.98571428571428, 905.0, 1000.0, 0.32111498245703196
18.0, 8.0, 80.91071428571428, 900.0, 1000.0, 0.3305424928226161
28.0, 5.0, 76.49411764705883, 937.0, 1000.0, 0.3273997247908179
34.0, 5.0, 91.98571428571428, 882.0, 1000.0, 0.33244493425034366
32.0, 3.0, 78.73333333333333, 900.0, 1000.0, 0.3266134930883122
27.0, 6.0, 75.79166666666667, 936.0, 1000.0, 0.3242863302426112
32.0, 3.0, 77.55555555555556, 918.0, 1000.0, 0.32316342220983163
28.0, 4.0, 88.03571428571428, 885.0, 1000.0, 0.3305424928226161
28.0, 6.0, 72.4607843137255, 915.0, 1000.0, 0.32316342220983163
35.0, 5.0, 93.73333333333333, 913.0, 1000.0, 0.32050512170644524

27.0, 7.0, 74.54285714285714, 902.0, 1000.0, 0.32315634635756013
24.0, 7.0, 71.33035714285714, 918.0, 1000.0, 0.3224487923443671
22.0, 6.0, 73.56666666666668, 894.0, 1000.0, 0.3279437739039209
28.0, 6.0, 75.80952380952381, 895.0, 1000.0, 0.32455769299320447
28.0, 5.0, 76.7625, 928.0, 1000.0, 0.3272744369195597
34.0, 5.0, 95.98571428571428, 880.0, 1000.0, 0.3336789849490488
34.0, 5.0, 92.73333333333333, 883.0, 1000.0, 0.32859999854536526
17.0, 6.0, 78.10000000000001, 870.0, 1000.0, 0.33508209375090225
28.0, 7.0, 79.54285714285714, 904.0, 1000.0, 0.3198905209919739
26.0, 3.0, 78.73333333333333, 888.0, 1000.0, 0.3279437739039209
22.0, 6.0, 71.56666666666668, 896.0, 1000.0, 0.32455769299320447
21.0, 7.0, 79.92857142857142, 882.0, 1000.0, 0.32592495172259794
15.0, 7.0, 69.60952380952381, 894.0, 1000.0, 0.3326067093620861
27.0, 7.0, 70.60952380952381, 909.0, 1000.0, 0.3217338643040248
17.0, 6.0, 71.63333333333334, 933.0, 1000.0, 0.3326067093620861
32.0, 3.0, 79.58333333333333, 909.0, 1000.0, 0.3224487923443671
32.0, 4.0, 84.65, 898.0, 1000.0, 0.3198905209919739
27.0, 7.0, 78.54285714285714, 906.0, 1000.0, 0.3228444338754327
34.0, 5.0, 91.2, 882.0, 1000.0, 0.33244493425034366
34.0, 5.0, 86.73333333333333, 885.0, 1000.0, 0.32728165804208886
21.0, 7.0, 73.54285714285714, 870.0, 1000.0, 0.3279437739039209
32.0, 3.0, 80.62745098039215, 907.0, 1000.0, 0.32455769299320447
27.0, 7.0, 76.43697478991596, 885.0, 1000.0, 0.32455769299320447
19.0, 9.0, 83.64444444444445, 919.0, 1000.0, 0.32739977263457287
22.0, 5.0, 70.7625, 918.0, 1000.0, 0.32939324659663194
23.0, 8.0, 85.75, 913.0, 1000.0, 0.32232861197569557
25.0, 4.0, 84.18333333333334, 925.0, 1000.0, 0.33508209375090225
26.0, 3.0, 77.8, 894.0, 1000.0, 0.3279437739039209
22.0, 6.0, 67.56666666666668, 898.0, 1000.0, 0.32316342220983163
18.0, 9.0, 83.89682539682539, 889.0, 1000.0, 0.3336789849490488
28.0, 4.0, 76.60294117647058, 919.0, 1000.0, 0.32939324659663194
23.0, 8.0, 71.59166666666667, 916.0, 1000.0, 0.32315634635756013
25.0, 5.0, 85.98571428571428, 907.0, 1000.0, 0.3336789849490488
32.0, 2.0, 80.0625, 920.0, 1000.0, 0.32939324659663194
21.0, 6.0, 78.10000000000001, 906.0, 1000.0, 0.3306886202078364
28.0, 6.0, 75.35416666666667, 909.0, 1000.0, 0.3224487923443671
17.0, 7.0, 78.07619047619048, 866.0, 1000.0, 0.3447724939237193
18.0, 7.0, 69.54285714285714, 903.0, 1000.0, 0.3279437739039209
22.0, 6.0, 68.56666666666668, 896.0, 1000.0, 0.3266134930883122

16.0, 6.0, 70.63333333333334, 920.0, 1000.0, 0.3326067093620861
34.0, 4.0, 89.32692307692308, 894.0, 1000.0, 0.32592495172259794
32.0, 2.0, 80.0625, 922.0, 1000.0, 0.32939324659663194
22.0, 7.0, 80.45535714285714, 908.0, 1000.0, 0.3238567456695767
28.0, 9.0, 90.64444444444445, 924.0, 1000.0, 0.3195027725864901
27.0, 7.0, 74.47619047619048, 898.0, 1000.0, 0.32315634635756013
28.0, 5.0, 89.98571428571428, 874.0, 1000.0, 0.3336789849490488
17.0, 7.0, 67.54285714285714, 890.0, 1000.0, 0.32455769299320447
27.0, 7.0, 78.54285714285714, 876.0, 1000.0, 0.3279437739039209
28.0, 4.0, 88.03571428571428, 885.0, 1000.0, 0.3305424928226161
28.0, 7.0, 79.54285714285714, 904.0, 1000.0, 0.3198905209919739
27.0, 8.0, 83.65833333333333, 882.0, 1000.0, 0.3238567456695767
28.0, 4.0, 86.03571428571428, 895.0, 1000.0, 0.32925048305843657
28.0, 5.0, 72.31764705882354, 932.0, 1000.0, 0.3267255535828645
28.0, 6.0, 72.51960784313725, 921.0, 1000.0, 0.32316342220983163
34.0, 6.0, 96.95238095238095, 880.0, 1000.0, 0.325284099956999
17.0, 7.0, 79.92857142857142, 837.0, 1000.0, 0.3305424928226161
21.0, 6.0, 70.56666666666668, 881.0, 1000.0, 0.32455769299320447
26.0, 8.0, 78.59166666666667, 856.0, 1000.0, 0.3279437739039209
34.0, 5.0, 92.98571428571428, 905.0, 1000.0, 0.32111498245703196
32.0, 3.0, 83.66666666666667, 893.0, 1000.0, 0.3279437739039209
23.0, 3.0, 81.26666666666667, 864.0, 1000.0, 0.33508209375090225
31.0, 4.0, 82.65, 900.0, 1000.0, 0.3228444338754327
31.0, 4.0, 82.71666666666667, 876.0, 1000.0, 0.3279437739039209
28.0, 4.0, 75.65, 909.0, 1000.0, 0.3266134930883122
22.0, 6.0, 69.63333333333334, 902.0, 1000.0, 0.3266134930883122
28.0, 6.0, 73.66666666666667, 902.0, 1000.0, 0.3224487923443671
27.0, 7.0, 70.33035714285714, 906.0, 1000.0, 0.3210299700255508
23.0, 9.0, 79.89682539682539, 924.0, 1000.0, 0.3228444338754327
25.0, 5.0, 86.98571428571428, 906.0, 1000.0, 0.3336789849490488
21.0, 5.0, 68.825, 911.0, 1000.0, 0.32939324659663194
17.0, 6.0, 78.10000000000001, 870.0, 1000.0, 0.33508209375090225
26.0, 3.0, 76.8, 896.0, 1000.0, 0.32455769299320447
22.0, 8.0, 82.91071428571428, 901.0, 1000.0, 0.32111498245703196

28.0, 6.0, 75.41666666666667, 915.0, 1000.0, 0.3224487923443671
27.0, 9.0, 91.89682539682539, 860.0, 1000.0, 0.3336789849490488
22.0, 7.0, 74.54285714285714, 892.0, 1000.0, 0.33148996727886415
19.0, 9.0, 83.89682539682539, 913.0, 1000.0, 0.325284099956999
22.0, 8.0, 86.91071428571428, 880.0, 1000.0, 0.3336789849490488
25.0, 5.0, 86.98571428571428, 907.0, 1000.0, 0.3336789849490488
28.0, 7.0, 79.60952380952381, 910.0, 1000.0, 0.3198905209919739
27.0, 7.0, 78.54285714285714, 906.0, 1000.0, 0.3228444338754327
28.0, 5.0, 72.61176470588235, 939.0, 1000.0, 0.32535094104447115
27.0, 9.0, 87.89682539682539, 862.0, 1000.0, 0.33244493425034366
35.0, 2.0, 93.1875, 923.0, 1000.0, 0.33508209375090225
27.0, 7.0, 74.54285714285714, 902.0, 1000.0, 0.32315634635756013
32.0, 3.0, 78.8, 906.0, 1000.0, 0.3266134930883122
33.0, 6.0, 94.95238095238095, 882.0, 1000.0, 0.3281617890602341
22.0, 6.0, 69.63333333333334, 902.0, 1000.0, 0.3266134930883122
27.0, 7.0, 78.54285714285714, 876.0, 1000.0, 0.3279437739039209
24.0, 7.0, 71.39285714285714, 924.0, 1000.0, 0.3224487923443671
27.0, 8.0, 83.65833333333333, 882.0, 1000.0, 0.3238567456695767
23.0, 8.0, 74.525, 885.0, 1000.0, 0.3279437739039209
22.0, 6.0, 71.63333333333334, 902.0, 1000.0, 0.32455769299320447
18.0, 9.0, 82.89682539682539, 889.0, 1000.0, 0.3336789849490488
21.0, 6.0, 79.10000000000001, 906.0, 1000.0, 0.3306886202078364
28.0, 6.0, 78.16666666666667, 913.0, 1000.0, 0.3224487923443671
18.0, 7.0, 69.60952380952381, 909.0, 1000.0, 0.3279437739039209
27.0, 7.0, 74.60952380952381, 911.0, 1000.0, 0.3208248328372328
22.0, 6.0, 73.56666666666668, 894.0, 1000.0, 0.3279437739039209
23.0, 8.0, 83.65833333333333, 905.0, 1000.0, 0.32050512170644524
27.0, 7.0, 78.33035714285714, 882.0, 1000.0, 0.33038083043097505
28.0, 4.0, 75.4375, 929.0, 1000.0, 0.32939324659663194
23.0, 10.0, 87.88571428571427, 869.0, 1000.0, 0.3336789849490488
28.0, 6.0, 71.41666666666667, 917.0, 1000.0, 0.32101133142288507
28.0, 4.0, 88.03571428571428, 885.0, 1000.0, 0.3305424928226161
27.0, 10.0, 92.88571428571427, 856.0, 1000.0, 0.34343529120593363
21.0, 8.0, 69.525, 890.0, 1000.0, 0.3269509428876045
22.0, 5.0, 69.7625, 918.0, 1000.0, 0.32939324659663194
23.0, 8.0, 81.65833333333333, 930.0, 1000.0, 0.3209859318223715
34.0, 5.0, 91.73333333333333, 883.0, 1000.0, 0.32859999854536526
32.0, 3.0, 81.73333333333333, 900.0, 1000.0, 0.32455769299320447
17.0, 6.0, 79.10000000000001, 870.0, 1000.0, 0.33508209375090225
22.0, 8.0, 74.525, 888.0, 1000.0, 0.3427290437346102
29.0, 4.0, 87.71666666666667, 890.0, 1000.0, 0.32859999854536526
29.0, 8.0, 90.20192307692308, 903.0, 1000.0, 0.32232861197569557
34.0, 5.0, 95.98571428571428, 879.0, 1000.0, 0.3336789849490488
32.0, 2.0, 81.125, 928.0, 1000.0, 0.32939324659663194
34.0, 5.0, 90.98571428571428, 882.0, 1000.0, 0.334055283859537
26.0, 3.0, 78.8, 894.0, 1000.0, 0.3279437739039209
34.0, 5.0, 91.98571428571428, 905.0, 1000.0, 0.32111498245703196
35.0, 2.0, 93.03333333333333, 926.0, 1000.0, 0.3330569366147987
28.0, 6.0, 73.63333333333334, 914.0, 1000.0, 0.32316342220983163
35.0, 5.0, 92.73333333333333, 913.0, 1000.0, 0.32050512170644524
31.0, 4.0, 79.65, 896.0, 1000.0, 0.32315634635756013
22.0, 7.0, 78.67619047619047, 901.0, 1000.0, 0.3238567456695767
27.0, 7.0, 71.27619047619046, 913.0, 1000.0, 0.3217338643040248
23.0, 7.0, 84.21978021978022, 893.0, 1000.0, 0.3305424928226161
29.0, 4.0, 87.32692307692308, 887.0, 1000.0, 0.3305424928226161
33.0, 6.0, 94.7, 888.0, 1000.0, 0.3302503067210541

32.0, 1.0, 81.35294117647058, 913.0, 1000.0, 0.32939324659663194
22.0, 6.0, 73.56666666666668, 894.0, 1000.0, 0.3279437739039209
27.0, 7.0, 74.54285714285714, 902.0, 1000.0, 0.32315634635756013
27.0, 6.0, 70.72916666666667, 926.0, 1000.0, 0.32464999372084336
32.0, 3.0, 81.62745098039215, 907.0, 1000.0, 0.32455769299320447
19.0, 9.0, 83.89682539682539, 913.0, 1000.0, 0.325284099956999
21.0, 7.0, 79.92857142857142, 882.0, 1000.0, 0.32592495172259794
32.0, 3.0, 79.58333333333333, 909.0, 1000.0, 0.3224487923443671
28.0, 6.0, 75.35416666666667, 909.0, 1000.0, 0.3224487923443671
29.0, 6.0, 86.95238095238095, 883.0, 1000.0, 0.32925048305843657
17.0, 7.0, 79.92857142857142, 837.0, 1000.0, 0.3305424928226161
16.0, 5.0, 64.7625, 860.0, 1000.0, 0.32939324659663194
27.0, 7.0, 72.54285714285714, 904.0, 1000.0, 0.31952874182898455
27.0, 7.0, 78.54285714285714, 876.0, 1000.0, 0.3279437739039209
22.0, 6.0, 71.4607843137255, 903.0, 1000.0, 0.32455769299320447
28.0, 8.0, 86.91071428571428, 913.0, 1000.0, 0.31800293054254103
23.0, 8.0, 70.59166666666667, 916.0, 1000.0, 0.32315634635756013
27.0, 9.0, 75.57777777777778, 905.0, 1000.0, 0.31891787436479413
18.0, 8.0, 79.91071428571428, 910.0, 1000.0, 0.32925048305843657
28.0, 6.0, 76.72916666666667, 928.0, 1000.0, 0.32135392836424115
28.0, 2.0, 76.85294117647058, 908.0, 1000.0, 0.32939324659663194
28.0, 4.0, 88.03571428571428, 885.0, 1000.0, 0.3305424928226161
21.0, 8.0, 81.91071428571428, 903.0, 1000.0, 0.3240507279269519
34.0, 6.0, 95.95238095238095, 876.0, 1000.0, 0.325284099956999
27.0, 8.0, 84.65833333333333, 882.0, 1000.0, 0.3238567456695767
28.0, 5.0, 74.7625, 930.0, 1000.0, 0.3273997247908179
33.0, 5.0, 91.98571428571428, 874.0, 1000.0, 0.32925048305843657
32.0, 3.0, 81.73333333333333, 900.0, 1000.0, 0.32455769299320447
32.0, 4.0, 83.65, 898.0, 1000.0, 0.3198905209919739
31.0, 4.0, 82.65, 900.0, 1000.0, 0.3228444338754327
26.0, 3.0, 77.73333333333333, 888.0, 1000.0, 0.3279437739039209
27.0, 7.0, 70.54285714285714, 904.0, 1000.0, 0.3217338643040248
24.0, 7.0, 70.54285714285714, 915.0, 1000.0, 0.3266134930883122
21.0, 8.0, 82.91071428571428, 874.0, 1000.0, 0.32925048305843657
28.0, 6.0, 73.56666666666668, 908.0, 1000.0, 0.32316342220983163
23.0, 8.0, 87.91071428571428, 900.0, 1000.0, 0.325284099956999
32.0, 3.0, 78.73333333333333, 900.0, 1000.0, 0.3266134930883122
22.0, 7.0, 78.67619047619047, 901.0, 1000.0, 0.3238567456695767
28.0, 6.0, 73.35416666666667, 914.0, 1000.0, 0.3243960306015634

22.0, 7.0, 84.92857142857142, 891.0, 1000.0, 0.3305424928226161
22.0, 7.0, 74.54285714285714, 892.0, 1000.0, 0.33148996727886415
28.0, 4.0, 88.03571428571428, 885.0, 1000.0, 0.3305424928226161
32.0, 3.0, 79.97619047619047, 889.0, 1000.0, 0.32455769299320447
22.0, 6.0, 73.56666666666668, 894.0, 1000.0, 0.3279437739039209
27.0, 7.0, 78.54285714285714, 876.0, 1000.0, 0.3279437739039209
23.0, 5.0, 83.73333333333333, 922.0, 1000.0, 0.33508209375090225
22.0, 8.0, 82.65833333333333, 879.0, 1000.0, 0.32859999854536526
26.0, 4.0, 77.65, 886.0, 1000.0, 0.33148996727886415
35.0, 5.0, 93.73333333333333, 913.0, 1000.0, 0.32050512170644524
17.0, 6.0, 79.10000000000001, 861.0, 1000.0, 0.33508209375090225
27.0, 7.0, 74.54285714285714, 902.0, 1000.0, 0.32315634635756013
31.0, 4.0, 78.71666666666667, 901.0, 1000.0, 0.32315634635756013
22.0, 5.0, 83.8875, 906.0, 1000.0, 0.33508209375090225
26.0, 3.0, 77.73333333333333, 888.0, 1000.0, 0.3279437739039209
34.0, 5.0, 91.98571428571428, 905.0, 1000.0, 0.32111498245703196
28.0, 4.0, 76.60294117647058, 919.0, 1000.0, 0.32939324659663194
32.0, 3.0, 79.73333333333333, 900.0, 1000.0, 0.3266134930883122
23.0, 8.0, 71.525, 911.0, 1000.0, 0.32315634635756013
22.0, 6.0, 69.56666666666668, 896.0, 1000.0, 0.3266134930883122
28.0, 7.0, 79.54285714285714, 904.0, 1000.0, 0.3198905209919739
32.0, 2.0, 80.0625, 922.0, 1000.0, 0.32939324659663194
28.0, 6.0, 75.35416666666667, 906.0, 1000.0, 0.3224487923443671
23.0, 6.0, 67.85416666666667, 936.0, 1000.0, 0.3267255535828645
29.0, 5.0, 86.98571428571428, 900.0, 1000.0, 0.32412009263094665
21.0, 6.0, 68.72916666666667, 901.0, 1000.0, 0.3397624863969675
28.0, 5.0, 73.825, 936.0, 1000.0, 0.3273997247908179
27.0, 7.0, 75.33035714285714, 879.0, 1000.0, 0.3224487923443671
21.0, 8.0, 83.91071428571428, 865.0, 1000.0, 0.3305424928226161
27.0, 5.0, 74.66666666666667, 910.0, 1000.0, 0.32315634635756013
27.0, 5.0, 88.73333333333333, 868.0, 1000.0, 0.3305424928226161
26.0, 8.0, 74.59166666666667, 909.0, 1000.0, 0.31845111826716666
32.0, 3.0, 78.8, 906.0, 1000.0, 0.3266134930883122
28.0, 6.0, 70.41666666666667, 917.0, 1000.0, 0.32101133142288507
24.0, 5.0, 83.98571428571428, 894.0, 1000.0, 0.3305424928226161
18.0, 7.0, 70.60952380952381, 909.0, 1000.0, 0.3279437739039209
27.0, 7.0, 74.54285714285714, 878.0, 1000.0, 0.3266134930883122
32.0, 3.0, 80.52083333333333, 903.0, 1000.0, 0.3224487923443671
22.0, 6.0, 71.63333333333334, 902.0, 1000.0, 0.32455769299320447
27.0, 7.0, 70.60952380952381, 909.0, 1000.0, 0.3217338643040248

22.0, 6.0, 73.56666666666668, 894.0, 1000.0, 0.3279437739039209
22.0, 7.0, 84.92857142857142, 891.0, 1000.0, 0.3305424928226161
22.0, 6.0, 68.56666666666668, 896.0, 1000.0, 0.3266134930883122
35.0, 5.0, 94.73333333333333, 916.0, 1000.0, 0.32232861197569557
28.0, 7.0, 79.54285714285714, 904.0, 1000.0, 0.3198905209919739
29.0, 5.0, 90.98571428571428, 898.0, 1000.0, 0.325284099956999
28.0, 6.0, 73.56666666666668, 908.0, 1000.0, 0.32316342220983163
21.0, 7.0, 72.54285714285714, 896.0, 1000.0, 0.3228444338754327
28.0, 9.0, 92.89682539682539, 886.0, 1000.0, 0.325284099956999
22.0, 9.0, 88.64444444444445, 889.0, 1000.0, 0.325284099956999
25.0, 6.0, 86.95238095238095, 907.0, 1000.0, 0.325284099956999
28.0, 4.0, 76.60294117647058, 919.0, 1000.0, 0.32939324659663194
28.0, 4.0, 77.54411764705883, 916.0, 1000.0, 0.32455769299320447
22.0, 5.0, 70.7625, 918.0, 1000.0, 0.32939324659663194
28.0, 5.0, 89.98571428571428, 874.0, 1000.0, 0.3336789849490488
18.0, 8.0, 78.91071428571428, 910.0, 1000.0, 0.32925048305843657
17.0, 7.0, 79.87619047619047, 854.0, 1000.0, 0.33244493425034366
27.0, 6.0, 70.72916666666667, 926.0, 1000.0, 0.32464999372084336
21.0, 7.0, 68.54285714285714, 892.0, 1000.0, 0.32315634635756013
27.0, 7.0, 78.54285714285714, 876.0, 1000.0, 0.3279437739039209
25.0, 5.0, 86.98571428571428, 907.0, 1000.0, 0.3336789849490488
33.0, 5.0, 90.98571428571428, 874.0, 1000.0, 0.32925048305843657
34.0, 5.0, 92.27692307692308, 899.0, 1000.0, 0.3252468682277554
28.0, 6.0, 73.66666666666667, 902.0, 1000.0, 0.3224487923443671
32.0, 2.0, 80.0625, 922.0, 1000.0, 0.32939324659663194
27.0, 8.0, 85.65833333333333, 888.0, 1000.0, 0.32592495172259794
28.0, 4.0, 88.03571428571428, 885.0, 1000.0, 0.3305424928226161
35.0, 5.0, 90.3764705882353, 928.0, 1000.0, 0.32112231792417634
11.0, 6.0, 67.35416666666667, 881.0, 1000.0, 0.3326067093620861
32.0, 3.0, 79.52083333333333, 903.0, 1000.0, 0.3224487923443671
26.0, 3.0, 77.8, 894.0, 1000.0, 0.3279437739039209
30.0, 5.0, 83.73333333333333, 918.0, 1000.0, 0.3238567456695767
27.0, 9.0, 89.89682539682539, 890.0, 1000.0, 0.3252468682277554
17.0, 6.0, 79.10000000000001, 870.0, 1000.0, 0.33508209375090225
26.0, 3.0, 78.73333333333333, 888.0, 1000.0, 0.3279437739039209
32.0, 3.0, 78.73333333333333, 900.0, 1000.0, 0.3266134930883122
21.0, 6.0, 79.85416666666667, 924.0, 1000.0, 0.3306886202078364
28.0, 7.0, 77.43697478991596, 913.0, 1000.0, 0.3167290023159103
27.0, 7.0, 70.60952380952381, 909.0, 1000.0, 0.3217338643040248
25.0, 8.0, 87.65833333333333, 931.0, 1000.0, 0.32232861197569557
24.0, 9.0, 84.89682539682539, 920.0, 1000.0, 0.32111498245703196
21.0, 7.0, 78.83035714285714, 889.0, 1000.0, 0.33133574087388284

22.0, 6.0, 73.56666666666668, 894.0, 1000.0, 0.3279437739039209
28.0, 9.0, 92.89682539682539, 886.0, 1000.0, 0.325284099956999
28.0, 5.0, 72.55294117647058, 933.0, 1000.0, 0.32535094104447115
32.0, 2.0, 81.0, 917.0, 1000.0, 0.32939324659663194
22.0, 7.0, 73.54285714285714, 894.0, 1000.0, 0.3198905209919739
30.0, 6.0, 91.95238095238095, 889.0, 1000.0, 0.3336789849490488
28.0, 3.0, 87.26666666666667, 909.0, 1000.0, 0.33508209375090225
28.0, 4.0, 91.78333333333333, 894.0, 1000.0, 0.3336789849490488
32.0, 2.0, 80.0625, 922.0, 1000.0, 0.32939324659663194
28.0, 4.0, 78.65, 907.0, 1000.0, 0.3279437739039209
32.0, 3.0, 80.97619047619047, 887.0, 1000.0, 0.32455769299320447
17.0, 6.0, 71.63333333333334, 933.0, 1000.0, 0.3326067093620861
31.0, 4.0, 82.65, 870.0, 1000.0, 0.3279437739039209
29.0, 3.0, 80.8, 937.0, 1000.0, 0.3326067093620861
25.0, 5.0, 85.98571428571428, 907.0, 1000.0, 0.3336789849490488
17.0, 6.0, 79.10000000000001, 870.0, 1000.0, 0.33508209375090225
29.0, 4.0, 86.78333333333333, 899.0, 1000.0, 0.32859999854536526
29.0, 3.0, 78.8, 939.0, 1000.0, 0.3306961136097806
27.0, 7.0, 74.74285714285713, 878.0, 1000.0, 0.3266134930883122
22.0, 5.0, 82.825, 906.0, 1000.0, 0.33508209375090225
29.0, 5.0, 86.98571428571428, 900.0, 1000.0, 0.32412009263094665
28.0, 4.0, 86.03571428571428, 895.0, 1000.0, 0.32925048305843657
32.0, 3.0, 79.52083333333333, 903.0, 1000.0, 0.3224487923443671
32.0, 3.0, 78.73333333333333, 900.0, 1000.0, 0.3266134930883122
16.0, 7.0, 74.92857142857142, 828.0, 1000.0, 0.32592495172259794
18.0, 7.0, 69.54285714285714, 903.0, 1000.0, 0.3279437739039209
22.0, 6.0, 70.35416666666667, 895.0, 1000.0, 0.3224487923443671
34.0, 5.0, 91.98571428571428, 905.0, 1000.0, 0.32111498245703196
22.0, 7.0, 73.54285714285714, 890.0, 1000.0, 0.3383936511340936
28.0, 6.0, 72.04166666666667, 920.0, 1000.0, 0.32101133142288507
28.0, 5.0, 75.49411764705883, 923.0, 1000.0, 0.32939324659663194

17.0, 6.0, 79.10000000000001, 861.0, 1000.0, 0.33508209375090225
23.0, 8.0, 74.525, 915.0, 1000.0, 0.3228444338754327
22.0, 6.0, 71.56666666666668, 896.0, 1000.0, 0.32455769299320447
28.0, 6.0, 75.35416666666667, 909.0, 1000.0, 0.3224487923443671
34.0, 5.0, 92.98571428571428, 905.0, 1000.0, 0.32111498245703196
27.0, 7.0, 73.54285714285714, 908.0, 1000.0, 0.3216195874339921
35.0, 2.0, 93.1875, 923.0, 1000.0, 0.33508209375090225
22.0, 5.0, 63.2625, 933.0, 1000.0, 0.3267255535828645
27.0, 7.0, 78.54285714285714, 876.0, 1000.0, 0.3279437739039209
22.0, 6.0, 73.50000000000001, 889.0, 1000.0, 0.3279437739039209
21.0, 7.0, 79.92857142857142, 882.0, 1000.0, 0.32592495172259794
28.0, 8.0, 86.91071428571428, 913.0, 1000.0, 0.31800293054254103
22.0, 5.0, 83.8875, 906.0, 1000.0, 0.33508209375090225
28.0, 4.0, 88.03571428571428, 885.0, 1000.0, 0.3305424928226161
28.0, 4.0, 86.03571428571428, 895.0, 1000.0, 0.32925048305843657
18.0, 7.0, 68.54285714285714, 909.0, 1000.0, 0.32455769299320447
28.0, 6.0, 76.79166666666667, 934.0, 1000.0, 0.32135392836424115
32.0, 3.0, 81.04761904761905, 893.0, 1000.0, 0.32455769299320447
28.0, 3.0, 86.26666666666667, 909.0, 1000.0, 0.33508209375090225
32.0, 3.0, 78.73333333333333, 900.0, 1000.0, 0.3266134930883122
21.0, 7.0, 68.54285714285714, 892.0, 1000.0, 0.32315634635756013
31.0, 4.0, 83.65, 870.0, 1000.0, 0.3279437739039209
18.0, 9.0, 82.89682539682539, 889.0, 1000.0, 0.3336789849490488
28.0, 5.0, 87.98571428571428, 885.0, 1000.0, 0.32232861197569557
22.0, 5.0, 70.7625, 918.0, 1000.0, 0.3272744369195597
28.0, 4.0, 81.03571428571428, 897.0, 1000.0, 0.3279437739039209
32.0, 2.0, 81.85294117647058, 926.0, 1000.0, 0.32939324659663194
25.0, 5.0, 82.98571428571428, 909.0, 1000.0, 0.33244493425034366
22.0, 5.0, 69.7625, 918.0, 1000.0, 0.32939324659663194
31.0, 4.0, 78.65, 896.0, 1000.0, 0.32315634635756013
28.0, 4.0, 80.65, 907.0, 1000.0, 0.3279437739039209
22.0, 7.0, 74.60952380952381, 900.0, 1000.0, 0.3198905209919739
21.0, 8.0, 82.91071428571428, 874.0, 1000.0, 0.32925048305843657
23.0, 4.0, 86.78333333333333, 846.0, 1000.0, 0.3336789849490488
18.0, 8.0, 80.91071428571428, 900.0, 1000.0, 0.3305424928226161
28.0, 6.0, 72.51960784313725, 921.0, 1000.0, 0.32316342220983163
28.0, 6.0, 73.56666666666668, 908.0, 1000.0, 0.32316342220983163
32.0, 3.0, 79.52083333333333, 903.0, 1000.0, 0.3224487923443671

22.0, 6.0, 73.56666666666668, 894.0, 1000.0, 0.3279437739039209
21.0, 7.0, 79.92857142857142, 882.0, 1000.0, 0.32592495172259794
17.0, 7.0, 79.92857142857142, 846.0, 1000.0, 0.3305424928226161
27.0, 4.0, 83.03571428571428, 876.0, 1000.0, 0.32592495172259794
31.0, 3.0, 78.89583333333333, 924.0, 1000.0, 0.3242863302426112
29.0, 5.0, 90.98571428571428, 898.0, 1000.0, 0.325284099956999
27.0, 7.0, 76.43697478991596, 885.0, 1000.0, 0.32455769299320447
32.0, 3.0, 78.73333333333333, 900.0, 1000.0, 0.3266134930883122
22.0, 5.0, 70.7625, 918.0, 1000.0, 0.32939324659663194
32.0, 2.0, 80.0625, 922.0, 1000.0, 0.32939324659663194
26.0, 3.0, 77.73333333333333, 888.0, 1000.0, 0.3279437739039209
28.0, 6.0, 75.35416666666667, 909.0, 1000.0, 0.3224487923443671
28.0, 4.0, 76.38333333333333, 918.0, 1000.0, 0.3266134930883122
28.0, 5.0, 75.3875, 907.0, 1000.0, 0.3266134930883122
27.0, 7.0, 78.47619047619048, 901.0, 1000.0, 0.3228444338754327
28.0, 7.0, 79.54285714285714, 904.0, 1000.0, 0.3198905209919739
32.0, 3.0, 79.52083333333333, 903.0, 1000.0, 0.3224487923443671
28.0, 5.0, 89.98571428571428, 874.0, 1000.0, 0.3336789849490488
17.0, 7.0, 71.60952380952381, 933.0, 1000.0, 0.33818827711379906
23.0, 8.0, 85.91071428571428, 906.0, 1000.0, 0.32232861197569557
22.0, 7.0, 74.54285714285714, 890.0, 1000.0, 0.3383936511340936
17.0, 6.0, 71.63333333333334, 933.0, 1000.0, 0.3326067093620861
21.0, 7.0, 72.60952380952381, 902.0, 1000.0, 0.3228444338754327
32.0, 3.0, 81.73333333333333, 900.0, 1000.0, 0.32455769299320447
28.0, 6.0, 71.35416666666667, 911.0, 1000.0, 0.32101133142288507
18.0, 8.0, 77.65833333333333, 902.0, 1000.0, 0.3266064767395511
27.0, 7.0, 70.33035714285714, 906.0, 1000.0, 0.3172561421796807
25.0, 5.0, 83.73333333333333, 908.0, 1000.0, 0.32859999854536526
25.0, 9.0, 83.52287581699346, 937.0, 1000.0, 0.3186395980682158
21.0, 8.0, 81.91071428571428, 874.0, 1000.0, 0.32925048305843657
22.0, 6.0, 71.4607843137255, 903.0, 1000.0, 0.32455769299320447
35.0, 5.0, 94.825, 917.0, 1000.0, 0.32232861197569557
25.0, 5.0, 85.98571428571428, 907.0, 1000.0, 0.3336789849490488
35.0, 5.0, 94.98571428571428, 910.0, 1000.0, 0.32232861197569557
22.0, 6.0, 69.76666666666667, 896.0, 1000.0, 0.3266134930883122
22.0, 5.0, 69.825, 924.0, 1000.0, 0.32939324659663194
17.0, 6.0, 79.10000000000001, 870.0, 1000.0, 0.33508209375090225
18.0, 7.0, 70.54285714285714, 903.0, 1000.0, 0.3279437739039209
32.0, 2.0, 79.85294117647058, 923.0, 1000.0, 0.32939324659663194
27.0, 7.0, 78.54285714285714, 876.0, 1000.0, 0.3279437739039209
21.0, 7.0, 69.54285714285714, 892.0, 1000.0, 0.32315634635756013
27.0, 6.0, 78.63333333333334, 914.0, 1000.0, 0.32409721083371423

22.0, 6.0, 73.56666666666668, 894.0, 1000.0, 0.3279437739039209
32.0, 2.0, 80.0625, 922.0, 1000.0, 0.32939324659663194
28.0, 4.0, 79.71666666666667, 913.0, 1000.0, 0.3279437739039209
21.0, 8.0, 83.91071428571428, 865.0, 1000.0, 0.3305424928226161
28.0, 4.0, 87.03571428571428, 895.0, 1000.0, 0.32925048305843657
29.0, 4.0, 86.03571428571428, 900.0, 1000.0, 0.33244493425034366
28.0, 4.0, 76.60294117647058, 919.0, 1000.0, 0.32939324659663194
29.0, 3.0, 80.8, 937.0, 1000.0, 0.3326067093620861
28.0, 5.0, 79.66666666666667, 911.0, 1000.0, 0.33148996727886415
28.0, 5.0, 75.825, 934.0, 1000.0, 0.3272744369195597
17.0, 6.0, 78.10000000000001, 870.0, 1000.0, 0.33508209375090225
25.0, 5.0, 86.98571428571428, 907.0, 1000.0, 0.3336789849490488
22.0, 7.0, 74.54285714285714, 894.0, 1000.0, 0.3198905209919739
28.0, 6.0, 72.4607843137255, 915.0, 1000.0, 0.32316342220983163
32.0, 3.0, 78.73333333333333, 900.0, 1000.0, 0.3266134930883122
32.0, 3.0, 83.66666666666667, 893.0, 1000.0, 0.3279437739039209
21.0, 7.0, 68.54285714285714, 892.0, 1000.0, 0.32315634635756013
23.0, 5.0, 85.0125, 958.0, 1000.0, 0.33508209375090225
22.0, 8.0, 83.20192307692308, 866.0, 1000.0, 0.3305424928226161
30.0, 6.0, 87.95238095238095, 914.0, 1000.0, 0.32111498245703196
28.0, 7.0, 77.43697478991596, 913.0, 1000.0, 0.3167290023159103
27.0, 9.0, 91.89682539682539, 860.0, 1000.0, 0.3336789849490488
22.0, 8.0, 82.91071428571428, 872.0, 1000.0, 0.3328952742231576
28.0, 5.0, 75.7, 923.0, 1000.0, 0.32939324659663194
28.0, 3.0, 88.39583333333333, 916.0, 1000.0, 0.3332309271649855
27.0, 7.0, 72.87619047619047, 950.0, 1000.0, 0.31952874182898455
28.0, 5.0, 88.98571428571428, 900.0, 1000.0, 0.3281617890602341
22.0, 6.0, 71.56666666666668, 896.0, 1000.0, 0.32455769299320447
28.0, 5.0, 90.98571428571428, 874.0, 1000.0, 0.3336789849490488
22.0, 6.0, 69.76666666666667, 896.0, 1000.0, 0.3266134930883122
32.0, 4.0, 81.54411764705883, 907.0, 1000.0, 0.3167290023159103
32.0, 4.0, 79.65, 897.0, 1000.0, 0.3372373615529432
28.0, 5.0, 75.55294117647058, 929.0, 1000.0, 0.32939324659663194
31.0, 4.0, 82.65, 870.0, 1000.0, 0.3279437739039209
28.0, 3.0, 86.26666666666667, 908.0, 1000.0, 0.33508209375090225
28.0, 4.0, 89.03571428571428, 885.0, 1000.0, 0.3305424928226161
29.0, 2.0, 87.03333333333333, 916.0, 1000.0, 0.33508209375090225
28.0, 5.0, 73.7625, 936.0, 1000.0, 0.3273997247908179
26.0, 4.0, 78.65, 885.0, 1000.0, 0.3383936511340936
27.0, 8.0, 78.525, 874.0, 1000.0, 0.33148996727886415
21.0, 7.0, 72.60952380952381, 875.0, 1000.0, 0.3279437739039209
29.0, 5.0, 90.98571428571428, 898.0, 1000.0, 0.325284099956999
21.0, 8.0, 83.91071428571428, 871.0, 1000.0, 0.3252468682277554
32.0, 3.0, 83.06666666666666, 940.0, 1000.0, 0.32455769299320447
32.0, 3.0, 78.0392156862745, 924.0, 1000.0, 0.3267255535828645
28.0, 3.0, 82.26666666666667, 919.0, 1000.0, 0.3306886202078364
28.0, 7.0, 75.74285714285713, 906.0, 1000.0, 0.3186466581577645
27.0, 8.0, 81.3125, 885.0, 1000.0, 0.3198905209919739
26.0, 8.0, 73.59166666666667, 876.0, 1000.0, 0.32315634635756013
18.0, 7.0, 69.54285714285714, 903.0, 1000.0, 0.3279437739039209
27.0, 7.0, 74.60952380952381, 884.0, 1000.0, 0.3266134930883122
22.0, 6.0, 71.4607843137255, 903.0, 1000.0, 0.32455769299320447

28.0, 6.0, 75.35416666666667, 909.0, 1000.0, 0.3224487923443671
27.0, 7.0, 74.54285714285714, 878.0, 1000.0, 0.3266134930883122
22.0, 6.0, 68.56666666666668, 896.0, 1000.0, 0.3266134930883122
32.0, 2.0, 80.0625, 922.0, 1000.0, 0.32939324659663194
31.0, 4.0, 82.65, 900.0, 1000.0, 0.3228444338754327
25.0, 3.0, 75.73333333333333, 875.0, 1000.0, 0.32455769299320447
21.0, 5.0, 68.825, 911.0, 1000.0, 0.32939324659663194
27.0, 7.0, 74.39285714285714, 885.0, 1000.0, 0.3224487923443671
13.0, 8.0, 76.91071428571428, 846.0, 1000.0, 0.3305424928226161
21.0, 6.0, 70.56666666666668, 881.0, 1000.0, 0.32455769299320447
31.0, 2.0, 87.8125, 909.0, 1000.0, 0.33508209375090225
18.0, 7.0, 69.60952380952381, 909.0, 1000.0, 0.3279437739039209
28.0, 6.0, 71.41666666666667, 917.0, 1000.0, 0.32101133142288507
21.0, 7.0, 65.39285714285714, 897.0, 1000.0, 0.3172561421796807
28.0, 6.0, 72.56666666666668, 908.0, 1000.0, 0.32316342220983163
31.0, 3.0, 78.89583333333333, 924.0, 1000.0, 0.3242863302426112
32.0, 3.0, 77.8, 908.0, 1000.0, 0.32316342220983163
32.0, 3.0, 80.52083333333333, 903.0, 1000.0, 0.3224487923443671
28.0, 5.0, 74.825, 936.0, 1000.0, 0.3273997247908179
31.0, 4.0, 82.65, 870.0, 1000.0, 0.3279437739039209
32.0, 4.0, 83.65, 898.0, 1000.0, 0.3198905209919739
26.0, 8.0, 74.525, 871.0, 1000.0, 0.32315634635756013
33.0, 6.0, 96.7, 862.0, 1000.0, 0.3336789849490488
28.0, 5.0, 89.98571428571428, 874.0, 1000.0, 0.3336789849490488
21.0, 5.0, 69.7, 905.0, 1000.0, 0.32939324659663194

22.0, 6.0, 73.56666666666668, 894.0, 1000.0, 0.3279437739039209
32.0, 3.0, 78.52083333333333, 903.0, 1000.0, 0.3224487923443671
27.0, 7.0, 73.54285714285714, 878.0, 1000.0, 0.3266134930883122
28.0, 7.0, 85.21978021978022, 900.0, 1000.0, 0.32592495172259794
22.0, 6.0, 68.56666666666668, 896.0, 1000.0, 0.3266134930883122
27.0, 7.0, 78.54285714285714, 876.0, 1000.0, 0.3279437739039209
17.0, 7.0, 79.92857142857142, 846.0, 1000.0, 0.3305424928226161
27.0, 7.0, 74.54285714285714, 902.0, 1000.0, 0.32315634635756013
22.0, 4.0, 69.60294117647058, 909.0, 1000.0, 0.32939324659663194
31.0, 4.0, 78.65, 896.0, 1000.0, 0.32315634635756013
24.0, 5.0, 84.98571428571428, 894.0, 1000.0, 0.3305424928226161
17.0, 6.0, 79.10000000000001, 870.0, 1000.0, 0.33508209375090225
23.0, 8.0, 86.91071428571428, 906.0, 1000.0, 0.32232861197569557
27.0, 7.0, 73.54285714285714, 904.0, 1000.0, 0.31952874182898455
32.0, 2.0, 80.0625, 922.0, 1000.0, 0.32939324659663194
22.0, 7.0, 80.92857142857142, 893.0, 1000.0, 0.32925777885719254
22.0, 6.0, 71.63333333333334, 902.0, 1000.0, 0.32455769299320447
28.0, 4.0, 88.03571428571428, 885.0, 1000.0, 0.3305424928226161
22.0, 7.0, 79.67619047619047, 901.0, 1000.0, 0.3238567456695767
28.0, 6.0, 73.56666666666668, 908.0, 1000.0, 0.32316342220983163
23.0, 8.0, 70.525, 887.0, 1000.0, 0.3266134930883122
18.0, 5.0, 66.55294117647058, 904.0, 1000.0, 0.32939324659663194
32.0, 3.0, 82.73333333333333, 900.0, 1000.0, 0.32455769299320447
28.0, 5.0, 74.825, 936.0, 1000.0, 0.3273997247908179
32.0, 3.0, 78.73333333333333, 900.0, 1000.0, 0.3266134930883122
28.0, 6.0, 75.72916666666667, 928.0, 1000.0, 0.32135392836424115
32.0, 3.0, 76.8, 908.0, 1000.0, 0.32316342220983163
22.0, 6.0, 71.4607843137255, 903.0, 1000.0, 0.32455769299320447
21.0, 9.0, 83.03968253968254, 887.0, 1000.0, 0.32701342831184543
31.0, 5.0, 89.73333333333333, 925.0, 1000.0, 0.32232861197569557
28.0, 6.0, 75.35416666666667, 909.0, 1000.0, 0.3224487923443671
27.0, 7.0, 70.60952380952381, 909.0, 1000.0, 0.3217338643040248
26.0, 8.0, 75.375, 888.0, 1000.0, 0.32315634635756013
18.0, 7.0, 69.54285714285714, 903.0, 1000.0, 0.3279437739039209
26.0, 3.0, 78.73333333333333, 888.0, 1000.0, 0.3279437739039209
28.0, 6.0, 72.4607843137255, 915.0, 1000.0, 0.32316342220983163
23.0, 8.0, 87.91071428571428, 900.0, 1000.0, 0.325284099956999
31.0, 4.0, 82.65, 870.0, 1000.0, 0.3279437739039209
22.0, 9.0, 87.89682539682539, 880.0, 1000.0, 0.325284099956999

17.0, 6.0, 78.10000000000001, 870.0, 1000.0, 0.33508209375090225
28.0, 7.0, 79.60952380952381, 910.0, 1000.0, 0.3198905209919739
25.0, 5.0, 86.98571428571428, 907.0, 1000.0, 0.3336789849490488
28.0, 5.0, 75.49411764705883, 923.0, 1000.0, 0.32939324659663194
29.0, 6.0, 79.80952380952381, 898.0, 1000.0, 0.3238567456695767
21.0, 6.0, 70.56666666666668, 881.0, 1000.0, 0.32455769299320447
27.0, 7.0, 73.54285714285714, 878.0, 1000.0, 0.3266134930883122
17.0, 6.0, 71.63333333333334, 933.0, 1000.0, 0.3326067093620861
28.0, 5.0, 74.36666666666666, 946.0, 1000.0, 0.32535094104447115
28.0, 6.0, 73.56666666666668, 908.0, 1000.0, 0.32316342220983163
32.0, 3.0, 78.73333333333333, 900.0, 1000.0, 0.3266134930883122
27.0, 7.0, 77.54285714285714, 878.0, 1000.0, 0.32455769299320447
32.0, 2.0, 80.0625, 922.0, 1000.0, 0.32939324659663194
29.0, 5.0, 90.98571428571428, 898.0, 1000.0, 0.325284099956999
27.0, 6.0, 74.72916666666667, 930.0, 1000.0, 0.3242863302426112
22.0, 5.0, 69.825, 924.0, 1000.0, 0.32939324659663194
18.0, 7.0, 69.54285714285714, 903.0, 1000.0, 0.3279437739039209
28.0, 7.0, 75.67619047619047, 915.0, 1000.0, 0.3186466581577645
22.0, 8.0, 84.91071428571428, 891.0, 1000.0, 0.32232861197569557
28.0, 6.0, 75.79166666666667, 934.0, 1000.0, 0.32135392836424115
27.0, 7.0, 69.74285714285713, 904.0, 1000.0, 0.3217338643040248
31.0, 4.0, 78.71666666666667, 901.0, 1000.0, 0.32315634635756013
28.0, 4.0, 88.03571428571428, 885.0, 1000.0, 0.3305424928226161
23.0, 5.0, 83.8875, 919.0, 1000.0, 0.33508209375090225
23.0, 5.0, 83.73333333333333, 922.0, 1000.0, 0.33508209375090225
16.0, 7.0, 74.92857142857142, 828.0, 1000.0, 0.32592495172259794
26.0, 8.0, 73.59166666666667, 876.0, 1000.0, 0.32315634635756013
31.0, 4.0, 83.65, 870.0, 1000.0, 0.3279437739039209
27.0, 8.0, 83.65833333333333, 917.0, 1000.0, 0.3190907455312689
31.0, 6.0, 88.7, 922.0, 1000.0, 0.32050512170644524
28.0, 5.0, 89.98571428571428, 874.0, 1000.0, 0.3336789849490488
24.0, 8.0, 75.525, 913.0, 1000.0, 0.3198905209919739
21.0, 7.0, 68.54285714285714, 892.0, 1000.0, 0.32315634635756013
26.0, 3.0, 77.73333333333333, 888.0, 1000.0, 0.3279437739039209
28.0, 6.0, 75.35416666666667, 909.0, 1000.0, 0.3224487923443671
32.0, 4.0, 83.71666666666667, 904.0, 1000.0, 0.3198905209919739
26.0, 3.0, 75.64583333333333, 905.0, 1000.0, 0.3266134930883122
32.0, 3.0, 81.68627450980391, 913.0, 1000.0, 0.32455769299320447

22.0, 6.0, 73.56666666666668, 894.0, 1000.0, 0.3279437739039209
28.0, 4.0, 75.65, 909.0, 1000.0, 0.3266134930883122
28.0, 5.0, 74.45, 913.0, 1000.0, 0.3266134930883122
28.0, 6.0, 75.8809523809524, 901.0, 1000.0, 0.32455769299320447
21.0, 7.0, 83.67619047619047, 891.0, 1000.0, 0.32925048305843657
28.0, 7.0, 75.54285714285714, 906.0, 1000.0, 0.3186466581577645
17.0, 6.0, 79.10000000000001, 870.0, 1000.0, 0.33508209375090225
21.0, 7.0, 68.54285714285714, 892.0, 1000.0, 0.32315634635756013
31.0, 4.0, 78.71666666666667, 901.0, 1000.0, 0.32315634635756013
32.0, 3.0, 78.0392156862745, 922.0, 1000.0, 0.3267255535828645
27.0, 7.0, 70.60952380952381, 909.0, 1000.0, 0.3217338643040248
32.0, 2.0, 80.0625, 922.0, 1000.0, 0.32939324659663194
27.0, 6.0, 71.72916666666667, 926.0, 1000.0, 0.32464999372084336
25.0, 4.0, 84.78333333333333, 915.0, 1000.0, 0.3305424928226161
26.0, 3.0, 77.73333333333333, 888.0, 1000.0, 0.3279437739039209
34.0, 5.0, 91.98571428571428, 882.0, 1000.0, 0.33244493425034366
18.0, 7.0, 76.27619047619046, 936.0, 1000.0, 0.3326067093620861
27.0, 7.0, 74.54285714285714, 908.0, 1000.0, 0.3216195874339921
28.0, 6.0, 73.66666666666667, 902.0, 1000.0, 0.3224487923443671
27.0, 7.0, 78.54285714285714, 876.0, 1000.0, 0.3279437739039209
35.0, 5.0, 94.825, 917.0, 1000.0, 0.32232861197569557
34.0, 5.0, 93.98571428571428, 882.0, 1000.0, 0.3305424928226161
27.0, 8.0, 84.65833333333333, 882.0, 1000.0, 0.3238567456695767
28.0, 4.0, 75.60294117647058, 919.0, 1000.0, 0.32939324659663194
17.0, 7.0, 79.92857142857142, 837.0, 1000.0, 0.3305424928226161
28.0, 6.0, 71.54166666666667, 911.0, 1000.0, 0.32101133142288507
21.0, 5.0, 68.7625, 905.0, 1000.0, 0.32939324659663194
32.0, 3.0, 78.73333333333333, 900.0, 1000.0, 0.3266134930883122
18.0, 8.0, 78.75, 909.0, 1000.0, 0.32859999854536526
28.0, 4.0, 88.03571428571428, 885.0, 1000.0, 0.3305424928226161
27.0, 7.0, 70.74285714285713, 904.0, 1000.0, 0.3217338643040248
22.0, 9.0, 70.57777777777778, 885.0, 1000.0, 0.32315634635756013
28.0, 5.0, 89.98571428571428, 874.0, 1000.0, 0.3336789849490488
26.0, 8.0, 73.59166666666667, 909.0, 1000.0, 0.31845111826716666
22.0, 6.0, 69.56666666666668, 896.0, 1000.0, 0.3266134930883122
32.0, 1.0, 80.35294117647058, 913.0, 1000.0, 0.32939324659663194
28.0, 7.0, 79.54285714285714, 904.0, 1000.0, 0.3198905209919739
31.0, 4.0, 82.65, 900.0, 1000.0, 0.3228444338754327

32.0, 3.0, 83.73333333333333, 898.0, 1000.0, 0.3279437739039209
29.0, 3.0, 87.26666666666667, 922.0, 1000.0, 0.33508209375090225
28.0, 4.0, 88.03571428571428, 885.0, 1000.0, 0.3305424928226161
32.0, 3.0, 81.73333333333333, 900.0, 1000.0, 0.32455769299320447
27.0, 7.0, 78.54285714285714, 876.0, 1000.0, 0.3279437739039209
17.0, 6.0, 71.63333333333334, 933.0, 1000.0, 0.3326067093620861
27.0, 8.0, 83.91071428571428, 880.0, 1000.0, 0.32592495172259794
22.0, 6.0, 73.56666666666668, 894.0, 1000.0, 0.3279437739039209
21.0, 5.0, 68.7625, 905.0, 1000.0, 0.32939324659663194
29.0, 5.0, 90.98571428571428, 898.0, 1000.0, 0.325284099956999
17.0, 7.0, 79.92857142857142, 846.0, 1000.0, 0.3305424928226161
29.0, 4.0, 87.32692307692308, 887.0, 1000.0, 0.3305424928226161
28.0, 4.0, 79.65, 907.0, 1000.0, 0.3279437739039209
27.0, 7.0, 70.54285714285714, 904.0, 1000.0, 0.3217338643040248
22.0, 6.0, 68.56666666666668, 896.0, 1000.0, 0.3266134930883122
34.0, 5.0, 92.98571428571428, 905.0, 1000.0, 0.32111498245703196
34.0, 4.0, 88.32692307692308, 897.0, 1000.0, 0.32592495172259794
24.0, 7.0, 71.33035714285714, 918.0, 1000.0, 0.3224487923443671
18.0, 6.0, 66.79166666666667, 927.0, 1000.0, 0.32939324659663194
32.0, 3.0, 78.73333333333333, 900.0, 1000.0, 0.3266134930883122
18.0, 7.0, 70.60952380952381, 909.0, 1000.0, 0.3279437739039209
25.0, 4.0, 83.18333333333334, 925.0, 1000.0, 0.33508209375090225
29.0, 3.0, 80.8, 937.0, 1000.0, 0.3326067093620861
29.0, 3.0, 82.39583333333333, 936.0, 1000.0, 0.3326067093620861
28.0, 5.0, 73.825, 932.0, 1000.0, 0.3273997247908179
28.0, 6.0, 74.41666666666667, 917.0, 1000.0, 0.3202741639587604
28.0, 6.0, 72.56666666666668, 908.0, 1000.0, 0.32316342220983163
28.0, 4.0, 84.78333333333333, 893.0, 1000.0, 0.32859999854536526
21.0, 6.0, 69.79166666666667, 900.0, 1000.0, 0.32939324659663194
32.0, 2.0, 80.85294117647058, 931.0, 1000.0, 0.32939324659663194
19.0, 6.0, 79.85416666666667, 914.0, 1000.0, 0.33508209375090225
23.0, 8.0, 84.65833333333333, 905.0, 1000.0, 0.32050512170644524
32.0, 4.0, 80.65, 898.0, 1000.0, 0.32827650451341006
32.0, 3.0, 79.52083333333333, 903.0, 1000.0, 0.3224487923443671
28.0, 6.0, 77.50000000000001, 901.0, 1000.0, 0.32455769299320447
20.0, 7.0, 69.33035714285714, 882.0, 1000.0, 0.32315634635756013
22.0, 8.0, 84.91071428571428, 891.0, 1000.0, 0.32232861197569557
17.0, 8.0, 78.375, 901.0, 1000.0, 0.3326067093620861
35.0, 2.0, 93.1875, 923.0, 1000.0, 0.33508209375090225
27.0, 7.0, 72.54285714285714, 904.0, 1000.0, 0.31952874182898455
33.0, 5.0, 89.98571428571428, 874.0, 1000.0, 0.32925048305843657
31.0, 4.0, 82.71666666666667, 876.0, 1000.0, 0.3279437739039209
22.0, 5.0, 63.325, 939.0, 1000.0, 0.3267255535828645
28.0, 6.0, 73.72916666666667, 908.0, 1000.0, 0.3224487923443671
21.0, 5.0, 81.5125, 874.0, 1000.0, 0.33508209375090225

24.0, 8.0, 75.525, 913.0, 1000.0, 0.3198905209919739
27.0, 7.0, 78.54285714285714, 876.0, 1000.0, 0.3279437739039209
27.0, 7.0, 70.54285714285714, 904.0, 1000.0, 0.3217338643040248
21.0, 6.0, 72.41666666666667, 893.0, 1000.0, 0.32455769299320447
28.0, 5.0, 89.98571428571428, 874.0, 1000.0, 0.3336789849490488
28.0, 6.0, 75.35416666666667, 909.0, 1000.0, 0.3224487923443671
23.0, 9.0, 83.89682539682539, 889.0, 1000.0, 0.32925048305843657
23.0, 8.0, 71.525, 911.0, 1000.0, 0.32315634635756013
27.0, 8.0, 84.65833333333333, 882.0, 1000.0, 0.3238567456695767
17.0, 7.0, 79.92857142857142, 837.0, 1000.0, 0.3305424928226161
18.0, 7.0, 69.54285714285714, 903.0, 1000.0, 0.3279437739039209
22.0, 7.0, 73.54285714285714, 892.0, 1000.0, 0.33148996727886415
22.0, 7.0, 78.67619047619047, 901.0, 1000.0, 0.3238567456695767
21.0, 5.0, 68.61176470588235, 917.0, 1000.0, 0.3273997247908179
32.0, 3.0, 78.73333333333333, 900.0, 1000.0, 0.3266134930883122
34.0, 5.0, 92.98571428571428, 905.0, 1000.0, 0.32111498245703196
22.0, 7.0, 74.54285714285714, 890.0, 1000.0, 0.3383936511340936
22.0, 6.0, 71.4607843137255, 903.0, 1000.0, 0.32455769299320447
32.0, 3.0, 81.73333333333333, 900.0, 1000.0, 0.32455769299320447
28.0, 9.0, 90.64444444444445, 894.0, 1000.0, 0.32232861197569557
28.0, 5.0, 86.825, 883.0, 1000.0, 0.3305424928226161
26.0, 3.0, 77.73333333333333, 888.0, 1000.0, 0.3279437739039209
28.0, 7.0, 79.54285714285714, 904.0, 1000.0, 0.3198905209919739
22.0, 6.0, 69.63333333333334, 899.0, 1000.0, 0.3266134930883122
25.0, 4.0, 72.65, 886.0, 1000.0, 0.32315634635756013
27.0, 7.0, 70.33035714285714, 906.0, 1000.0, 0.3172561421796807
32.0, 2.0, 80.0625, 922.0, 1000.0, 0.32939324659663194
18.0, 9.0, 79.03968253968254, 894.0, 1000.0, 0.33244493425034366

22.0, 6.0, 73.56666666666668, 894.0, 1000.0, 0.3279437739039209
26.0, 8.0, 73.59166666666667, 876.0, 1000.0, 0.32315634635756013
25.0, 5.0, 85.98571428571428, 907.0, 1000.0, 0.3336789849490488
32.0, 4.0, 83.71666666666667, 904.0, 1000.0, 0.3198905209919739
23.0, 8.0, 70.525, 911.0, 1000.0, 0.32315634635756013
27.0, 7.0, 78.54285714285714, 876.0, 1000.0, 0.3279437739039209
28.0, 6.0, 73.56666666666668, 908.0, 1000.0, 0.32316342220983163
28.0, 7.0, 79.54285714285714, 904.0, 1000.0, 0.3198905209919739
28.0, 5.0, 89.98571428571428, 874.0, 1000.0, 0.3336789849490488
23.0, 5.0, 84.8875, 919.0, 1000.0, 0.33508209375090225
32.0, 3.0, 78.73333333333333, 900.0, 1000.0, 0.3266134930883122
28.0, 6.0, 73.72916666666667, 908.0, 1000.0, 0.3224487923443671
34.0, 6.0, 93.79166666666667, 919.0, 1000.0, 0.3195027725864901
31.0, 4.0, 82.65, 870.0, 1000.0, 0.3279437739039209
28.0, 5.0, 72.61176470588235, 939.0, 1000.0, 0.32535094104447115
28.0, 6.0, 75.50000000000001, 901.0, 1000.0, 0.3266134930883122
28.0, 6.0, 72.51960784313725, 921.0, 1000.0, 0.32316342220983163
32.0, 2.0, 80.0625, 922.0, 1000.0, 0.32939324659663194
28.0, 5.0, 75.7625, 928.0, 1000.0, 0.3272744369195597
23.0, 8.0, 85.75, 913.0, 1000.0, 0.32232861197569557
27.0, 7.0, 69.54285714285714, 904.0, 1000.0, 0.3217338643040248
28.0, 5.0, 73.7625, 930.0, 1000.0, 0.3273997247908179
28.0, 4.0, 76.66176470588235, 925.0, 1000.0, 0.32939324659663194
28.0, 6.0, 75.80952380952381, 893.0, 1000.0, 0.32455769299320447
23.0, 8.0, 74.525, 915.0, 1000.0, 0.3228444338754327
22.0, 7.0, 78.67619047619047, 901.0, 1000.0, 0.3238567456695767
22.0, 6.0, 73.80952380952381, 890.0, 1000.0, 0.3279437739039209
24.0, 7.0, 73.43697478991596, 922.0, 1000.0, 0.32455769299320447
28.0, 6.0, 75.29166666666667, 905.0, 1000.0, 0.3224487923443671
22.0, 6.0, 69.63333333333334, 902.0, 1000.0, 0.3266134930883122
27.0, 7.0, 71.33035714285714, 906.0, 1000.0, 0.3172561421796807
21.0, 6.0, 69.72916666666667, 901.0, 1000.0, 0.3397624863969675
19.0, 9.0, 84.89682539682539, 913.0, 1000.0, 0.325284099956999
28.0, 5.0, 76.7, 923.0, 1000.0, 0.32939324659663194
18.0, 7.0, 69.54285714285714, 903.0, 1000.0, 0.3279437739039209
28.0, 5.0, 86.98571428571428, 895.0, 1000.0, 0.32111498245703196
29.0, 4.0, 88.18333333333334, 922.0, 1000.0, 0.32670886623313367
17.0, 7.0, 79.92857142857142, 837.0, 1000.0, 0.3305424928226161
32.0, 3.0, 79.58333333333333, 909.0, 1000.0, 0.3224487923443671
26.0, 3.0, 77.73333333333333, 888.0, 1000.0, 0.3279437739039209
31.0, 4.0, 82.65, 900.0, 1000.0, 0.3228444338754327
22.0, 7.0, 73.54285714285714, 892.0, 1000.0, 0.33148996727886415
28.0, 5.0, 75.7, 928.0, 1000.0, 0.32939324659663194
27.0, 6.0, 75.72916666666667, 930.0, 1000.0, 0.3242863302426112
27.0, 7.0, 74.47619047619048, 898.0, 1000.0, 0.32315634635756013
32.0, 3.0, 82.8, 906.0, 1000.0, 0.32455769299320447
27.0, 7.0, 77.60952380952381, 884.0, 1000.0, 0.32455769299320447

18.0, 8.0, 80.91071428571428, 900.0, 1000.0, 0.3305424928226161
28.0, 6.0, 75.35416666666667, 909.0, 1000.0, 0.3224487923443671
21.0, 6.0, 70.63333333333334, 887.0, 1000.0, 0.32455769299320447
19.0, 9.0, 83.89682539682539, 913.0, 1000.0, 0.325284099956999
21.0, 8.0, 81.91071428571428, 874.0, 1000.0, 0.32925048305843657
32.0, 2.0, 80.0625, 922.0, 1000.0, 0.32939324659663194
17.0, 7.0, 83.67619047619047, 852.0, 1000.0, 0.3336789849490488
31.0, 4.0, 82.71666666666667, 906.0, 1000.0, 0.3228444338754327
32.0, 2.0, 75.91176470588235, 933.0, 1000.0, 0.32535094104447115
22.0, 5.0, 69.7625, 918.0, 1000.0, 0.32939324659663194
18.0, 7.0, 69.54285714285714, 903.0, 1000.0, 0.3279437739039209
28.0, 6.0, 73.35416666666667, 915.0, 1000.0, 0.3217338643040248
34.0, 4.0, 85.65, 896.0, 1000.0, 0.3238567456695767
21.0, 4.0, 70.71666666666667, 890.0, 1000.0, 0.32455769299320447
22.0, 5.0, 63.325, 939.0, 1000.0, 0.32455769299320447
17.0, 6.0, 78.10000000000001, 870.0, 1000.0, 0.33508209375090225
32.0, 4.0, 83.65, 898.0, 1000.0, 0.3198905209919739
27.0, 7.0, 73.8095238095238, 884.0, 1000.0, 0.3266134930883122
27.0, 7.0, 74.54285714285714, 878.0, 1000.0, 0.3266134930883122
22.0, 7.0, 73.54285714285714, 894.0, 1000.0, 0.3198905209919739
18.0, 7.0, 65.60952380952381, 911.0, 1000.0, 0.3266134930883122
22.0, 6.0, 68.56666666666668, 896.0, 1000.0, 0.3266134930883122
25.0, 3.0, 74.73333333333333, 876.0, 1000.0, 0.32455769299320447
32.0, 3.0, 79.58333333333333, 909.0, 1000.0, 0.3224487923443671
21.0, 8.0, 83.91071428571428, 865.0, 1000.0, 0.3305424928226161

22.0, 6.0, 73.56666666666668, 894.0, 1000.0, 0.3279437739039209
27.0, 7.0, 74.54285714285714, 902.0, 1000.0, 0.32315634635756013
34.0, 5.0, 95.98571428571428, 880.0, 1000.0, 0.3336789849490488
29.0, 3.0, 87.26666666666667, 922.0, 1000.0, 0.33508209375090225
28.0, 4.0, 75.60294117647058, 919.0, 1000.0, 0.32939324659663194
22.0, 5.0, 69.7625, 918.0, 1000.0, 0.32939324659663194
28.0, 6.0, 75.35416666666667, 909.0, 1000.0, 0.3224487923443671
34.0, 5.0, 94.98571428571428, 882.0, 1000.0, 0.3305424928226161
22.0, 8.0, 86.91071428571428, 880.0, 1000.0, 0.3336789849490488
21.0, 7.0, 79.92857142857142, 882.0, 1000.0, 0.32592495172259794
22.0, 8.0, 83.91071428571428, 901.0, 1000.0, 0.32111498245703196
28.0, 4.0, 86.03571428571428, 895.0, 1000.0, 0.32925048305843657
32.0, 3.0, 83.73333333333333, 897.0, 1000.0, 0.3279437739039209
24.0, 8.0, 80.65833333333333, 924.0, 1000.0, 0.3238567456695767
22.0, 6.0, 72.56666666666668, 896.0, 1000.0, 0.32455769299320447
23.0, 8.0, 84.65833333333333, 905.0, 1000.0, 0.32050512170644524
24.0, 7.0, 70.54285714285714, 915.0, 1000.0, 0.3266134930883122
27.0, 7.0, 70.54285714285714, 904.0, 1000.0, 0.3217338643040248
22.0, 7.0, 74.54285714285714, 892.0, 1000.0, 0.33148996727886415
18.0, 6.0, 65.72916666666667, 921.0, 1000.0, 0.32939324659663194
28.0, 4.0, 88.03571428571428, 885.0, 1000.0, 0.3305424928226161
27.0, 7.0, 78.54285714285714, 876.0, 1000.0, 0.3279437739039209
17.0, 6.0, 71.63333333333334, 933.0, 1000.0, 0.3326067093620861
18.0, 8.0, 80.91071428571428, 900.0, 1000.0, 0.3305424928226161
28.0, 6.0, 71.80952380952381, 895.0, 1000.0, 0.32316342220983163
18.0, 9.0, 83.89682539682539, 889.0, 1000.0, 0.3336789849490488
32.0, 3.0, 78.73333333333333, 900.0, 1000.0, 0.3266134930883122
32.0, 2.0, 80.0, 917.0, 1000.0, 0.32939324659663194
27.0, 7.0, 74.54285714285714, 878.0, 1000.0, 0.3266134930883122
32.0, 3.0, 77.73333333333333, 902.0, 1000.0, 0.32316342220983163
33.0, 6.0, 94.95238095238095, 882.0, 1000.0, 0.3281617890602341
25.0, 5.0, 81.98571428571428, 909.0, 1000.0, 0.33244493425034366
28.0, 4.0, 79.71666666666667, 913.0, 1000.0, 0.3279437739039209
22.0, 8.0, 84.91071428571428, 891.0, 1000.0, 0.32232861197569557
17.0, 7.0, 71.60952380952381, 936.0, 1000.0, 0.3326067093620861
25.0, 5.0, 86.98571428571428, 907.0, 1000.0, 0.3336789849490488
32.0, 4.0, 83.65, 898.0, 1000.0, 0.3198905209919739
19.0, 9.0, 83.89682539682539, 913.0, 1000.0, 0.325284099956999
29.0, 3.0, 80.8, 937.0, 1000.0, 0.3326067093620861
27.0, 7.0, 73.54285714285714, 904.0, 1000.0, 0.31952874182898455
32.0, 3.0, 80.73333333333333, 900.0, 1000.0, 0.32455769299320447
22.0, 6.0, 71.35416666666667, 905.0, 1000.0, 0.3266134930883122
28.0, 5.0, 75.3875, 907.0, 1000.0, 0.3266134930883122
27.0, 8.0, 84.65833333333333, 882.0, 1000.0, 0.3238567456695767
18.0, 8.0, 78.91071428571428, 910.0, 1000.0, 0.32925048305843657
21.0, 6.0, 77.85416666666667, 924.0, 1000.0, 0.32872959908996224
21.0, 7.0, 75.92857142857142, 884.0, 1000.0, 0.32455769299320447
34.0, 5.0, 90.73333333333333, 883.0, 1000.0, 0.32859999854536526
17.0, 6.0, 78.10000000000001, 870.0, 1000.0, 0.33508209375090225
22.0, 9.0, 86.89682539682539, 880.0, 1000.0, 0.325284099956999
34.0, 5.0, 89.98571428571428, 884.0, 1000.0, 0.32925777885719254
29.0, 5.0, 90.98571428571428, 898.0, 1000.0, 0.325284099956999
27.0, 6.0, 70.72916666666667, 926.0, 1000.0, 0.32464999372084336

28.0, 6.0, 75.35416666666667, 909.0, 1000.0, 0.3224487923443671
32.0, 2.0, 80.125, 928.0, 1000.0, 0.32939324659663194
27.0, 7.0, 67.90756302521008, 933.0, 1000.0, 0.32179757330253095
27.0, 7.0, 74.54285714285714, 902.0, 1000.0, 0.32315634635756013
18.0, 8.0, 80.91071428571428, 900.0, 1000.0, 0.3305424928226161
26.0, 3.0, 78.73333333333333, 888.0, 1000.0, 0.3279437739039209
17.0, 7.0, 83.67619047619047, 852.0, 1000.0, 0.3336789849490488
29.0, 5.0, 90.98571428571428, 898.0, 1000.0, 0.325284099956999
32.0, 3.0, 78.73333333333333, 900.0, 1000.0, 0.3266134930883122
27.0, 7.0, 78.54285714285714, 906.0, 1000.0, 0.3228444338754327
28.0, 9.0, 90.73611111111111, 895.0, 1000.0, 0.32232861197569557
19.0, 7.0, 81.67619047619047, 921.0, 1000.0, 0.3305424928226161
26.0, 8.0, 74.525, 871.0, 1000.0, 0.32315634635756013
26.0, 8.0, 77.59166666666667, 856.0, 1000.0, 0.3279437739039209
23.0, 8.0, 85.75, 913.0, 1000.0, 0.32232861197569557
32.0, 2.0, 81.0625, 922.0, 1000.0, 0.32939324659663194
27.0, 7.0, 71.39285714285714, 911.0, 1000.0, 0.3172561421796807
28.0, 4.0, 78.65, 907.0, 1000.0, 0.3279437739039209
17.0, 7.0, 78.67619047619047, 854.0, 1000.0, 0.33244493425034366
18.0, 8.0, 74.91071428571428, 912.0, 1000.0, 0.3279437739039209
16.0, 8.0, 82.65833333333333, 829.0, 1000.0, 0.3336789849490488
26.0, 8.0, 77.525, 878.0, 1000.0, 0.3228444338754327
26.0, 8.0, 73.59166666666667, 876.0, 1000.0, 0.32315634635756013
20.0, 7.0, 70.60952380952381, 861.0, 1000.0, 0.32455769299320447
17.0, 6.0, 79.10000000000001, 870.0, 1000.0, 0.33508209375090225
31.0, 4.0, 73.65, 898.0, 1000.0, 0.3217338643040248
21.0, 6.0, 70.56666666666668, 881.0, 1000.0, 0.32455769299320447
21.0, 6.0, 65.56666666666668, 883.0, 1000.0, 0.32316342220983163
18.0, 8.0, 75.65833333333333, 910.0, 1000.0, 0.3238567456695767
22.0, 5.0, 65.55294117647058, 919.0, 1000.0, 0.32535094104447115
27.0, 7.0, 71.60952380952381, 907.0, 1000.0, 0.3217338643040248
34.0, 4.0, 88.32692307692308, 894.0, 1000.0, 0.32592495172259794
31.0, 4.0, 83.71666666666667, 876.0, 1000.0, 0.3279437739039209
28.0, 4.0, 75.71666666666667, 915.0, 1000.0, 0.3266134930883122
17.0, 9.0, 78.89682539682539, 912.0, 1000.0, 0.32405072792695194
21.0, 5.0, 68.7625, 905.0, 1000.0, 0.32939324659663194
32.0, 3.0, 81.73333333333333, 900.0, 1000.0, 0.32455769299320447
31.0, 4.0, 78.65, 896.0, 1000.0, 0.32315634635756013
28.0, 6.0, 71.35416666666667, 911.0, 1000.0, 0.32101133142288507
28.0, 7.0, 79.54285714285714, 904.0, 1000.0, 0.3198905209919739
32.0, 2.0, 86.55882352941177, 916.0, 1000.0, 0.3279437739039209

32.0, 2.0, 80.0625, 922.0, 1000.0, 0.32939324659663194
27.0, 7.0, 78.54285714285714, 876.0, 1000.0, 0.3279437739039209
17.0, 8.0, 80.65833333333333, 896.0, 1000.0, 0.32925048305843657
28.0, 8.0, 88.91071428571428, 911.0, 1000.0, 0.32111498245703196
26.0, 3.0, 77.73333333333333, 888.0, 1000.0, 0.3279437739039209
23.0, 8.0, 70.59166666666667, 916.0, 1000.0, 0.32315634635756013
33.0, 5.0, 90.98571428571428, 874.0, 1000.0, 0.32925048305843657
31.0, 4.0, 79.65, 896.0, 1000.0, 0.32315634635756013
31.0, 3.0, 78.89583333333333, 924.0, 1000.0, 0.3242863302426112
28.0, 6.0, 72.51960784313725, 921.0, 1000.0, 0.32316342220983163
18.0, 9.0, 82.89682539682539, 915.0, 1000.0, 0.3281617890602341
28.0, 4.0, 88.03571428571428, 885.0, 1000.0, 0.3305424928226161
32.0, 3.0, 78.8, 906.0, 1000.0, 0.3266134930883122
27.0, 7.0, 74.47619047619048, 898.0, 1000.0, 0.32315634635756013
27.0, 9.0, 91.89682539682539, 860.0, 1000.0, 0.3336789849490488
34.0, 4.0, 88.32692307692308, 894.0, 1000.0, 0.32592495172259794
23.0, 8.0, 71.525, 911.0, 1000.0, 0.32315634635756013
33.0, 6.0, 94.95238095238095, 854.0, 1000.0, 0.3336789849490488
28.0, 6.0, 75.35416666666667, 909.0, 1000.0, 0.3224487923443671
23.0, 8.0, 85.91071428571428, 906.0, 1000.0, 0.32232861197569557
19.0, 8.0, 79.125, 915.0, 1000.0, 0.33244493425034366
29.0, 5.0, 89.98571428571428, 898.0, 1000.0, 0.325284099956999
22.0, 4.0, 73.65, 897.0, 1000.0, 0.3279437739039209
21.0, 5.0, 69.7625, 905.0, 1000.0, 0.32939324659663194
22.0, 7.0, 76.45535714285714, 909.0, 1000.0, 0.3217266423539294
24.0, 5.0, 82.98571428571428, 894.0, 1000.0, 0.3305424928226161
29.0, 8.0, 90.20192307692308, 903.0, 1000.0, 0.32232861197569557
34.0, 5.0, 91.98571428571428, 905.0, 1000.0, 0.32111498245703196
27.0, 5.0, 75.60000000000001, 905.0, 1000.0, 0.32315634635756013
28.0, 9.0, 89.1880341880342, 872.0, 1000.0, 0.3406673876013433
27.0, 7.0, 70.54285714285714, 904.0, 1000.0, 0.3217338643040248
17.0, 6.0, 71.63333333333334, 933.0, 1000.0, 0.3326067093620861
21.0, 8.0, 79.91071428571428, 880.0, 1000.0, 0.32957187812461447
32.0, 3.0, 79.73333333333333, 900.0, 1000.0, 0.3266134930883122
28.0, 5.0, 88.98571428571428, 874.0, 1000.0, 0.3336789849490488
28.0, 4.0, 82.78333333333333, 903.0, 1000.0, 0.32592495172259794
29.0, 8.0, 86.75, 925.0, 1000.0, 0.32112231792417634
21.0, 6.0, 70.56666666666668, 881.0, 1000.0, 0.32455769299320447
34.0, 5.0, 92.27692307692308, 870.0, 1000.0, 0.3305424928226161
23.0, 6.0, 67.91666666666667, 942.0, 1000.0, 0.3267255535828645
18.0, 9.0, 83.89682539682539, 889.0, 1000.0, 0.3336789849490488
