0.56	0.416666666666667	0.466417910447761	0.337208
0.2	0.666666666666667	0.440298507462687	0.520301
0.64	0.333333333333333	0.664179104477612	0.226660
0.2	0.583333333333333	0.440298507462687	0.706212
0.28	0.583333333333333	0	0.181629
0.56	0.333333333333333	0.548507462686567	0.329295
1	0.25	0.447761194029851	0.632075
0.68	0.416666666666667	0.455223880597015	0.336516
0.64	0.416666666666667	0.373134328358209	0.420763
0.16	0.666666666666667	0.343283582089552	0.706212
0.72	0.25	0.466417910447761	0.666984
0.44	0.5	0.51865671641791	0.399260
0.44	0.5	0.526119402985075	0.357943
0.2	0.666666666666667	0.436567164179104	0.597575
0.52	0.25	0.391791044776119	0.668868
1	0.25	0.455223880597015	0.548054
0.48	0.416666666666667	0.25	0.597575
0.6	0.416666666666667	0.526119402985075	0.293966
0.16	0.75	0.402985074626866	0.483757
0.48	0.5	0.313432835820896	0.110506
0.76	0.166666666666667	0.458955223880597	0.654606
0.68	0.25	0.477611940298507	0.620729
0.36	0.5	0.25	0.666984
0.76	0.166666666666667	0.727611940298508	0.570565
0.52	0.25	0.235074626865672	0.722954
0.56	0.25	0.488805970149254	0.481691
0.72	0.0833333333333333	0.630597014925373	0.620729
0.4	0.416666666666667	0.559701492537313	0.329295
0.36	0.333333333333333	0.417910447761194	0.706212
0.44	0.25	0.582089552238806	0.660084
0.68	0.333333333333333	0.462686567164179	0.513728
0.44	0.5	0.186567164179104	0.424828
0.56	0.25	0.563432835820896	0.250091
0.6	0.416666666666667	0.458955223880597	0.399260
0.2	0.666666666666667	0.194029850746269	0.684166
0.6	0.333333333333333	0.492537313432836	0.322980
0.2	0.666666666666667	0.447761194029851	0.485422
0.48	0.333333333333333	0.257462686567164	0.548054
0.52	0.166666666666667	0.402985074626866	0.722954
0.36	0.333333333333333	0.425373134328358	0.668868
1	0.333333333333333	0.42910447761194	0.543976
0.72	0.0833333333333333	0.623134328358209	0.670370
0.68	0.333333333333333	0.485074626865672	0.496149
			
0.16	0.5	0.529850746268657	0.923092
0.56	0.5	0.451492537313433	0.249745
0.76	0.25	0.402985074626866	0.599005
0.76	0.166666666666667	0.73134328358209	0.552897
0.72	0.166666666666667	0.675373134328358	0.572711
0.48	0.666666666666667	0.48134328358209	0.176871
0.48	0.666666666666667	0.511194029850746	0.110506
0.52	0.166666666666667	0.402985074626866	0.670370
0.44	0.833333333333333	0.361940298507463	0.249745
0.72	0.75	0.298507462686567	0.249745
0.36	0.25	0.414179104477612	0.670370
0.56	0.416666666666667	0.574626865671642	0.084225
0.28	0.583333333333333	0.697761194029851	0.573182
0.2	0.666666666666667	0.432835820895522	0.869457
1	0.0833333333333333	0.701492537313433	0.670370
0.24	0.5	0.492537313432836	0.989932
0.28	0.416666666666667	0.492537313432836	0.764803
0.44	0.75	0.369402985074627	0.244860
0.52	0.25	0.235074626865672	0.722954
0.32	0.833333333333333	0.492537313432836	0.249745
0.48	0.666666666666667	0.447761194029851	0.244860
0.28	0.666666666666667	0.753731343283582	0.529359
0.56	0.333333333333333	0.582089552238806	0.238771
0.52	0.166666666666667	0.477611940298507	0.620729
0.8	0.416666666666667	0.488805970149254	0.176871
0.32	0.333333333333333	0.152985074626866	0.262760
0.76	0.25	0.373134328358209	0.615395
0.48	0.75	0.470149253731343	0.181629
0.2	0.583333333333333	0.470149253731343	0.722954
0.16	0.5	0.537313432835821	0.871585
0.56	0.25	0.555970149253731	0.250091
0.76	0.583333333333333	0.488805970149254	0.172387
0.76	0.25	0.343283582089552	0.629767
0.32	0.75	0.514925373134328	0.176871
0.28	0.333333333333333	0.470149253731343	0.894548
			
1	0.166666666666667	0.537313432835821	0.670370
1	0.0833333333333333	0.723880597014925	0.670370
0.36	0.416666666666667	0.220149253731343	0.399260
0.56	0.333333333333333	0.466417910447761	0.322980
0.76	0.25	0.477611940298507	0.666984
0.72	0.25	0.42910447761194	0.722954
0.68	0.833333333333333	0.563432835820896	0.111879
0.52	0.25	0.686567164179104	0.601873
0.76	0.0833333333333333	0.682835820895522	0.779138
0.4	0.5	0.5	0.336741
1	0.25	0.447761194029851	0.632075
0.48	0.583333333333333	0.522388059701493	0.261824
0.32	0.5	0.152985074626866	0.399260
0.56	0.666666666666667	0.645522388059702	0.110506
1	0.166666666666667	0.477611940298507	0.722954
0.76	0.166666666666667	0.675373134328358	0.532279
0.72	0.166666666666667	0.656716417910448	0.620729
0.12	0.75	0.276119402985075	0.399260
0.16	0.583333333333333	0.186567164179104	0.399260
0.72	0.666666666666667	0.57089552238806	0.064934
0.6	0.333333333333333	0.5	0.282565
0.56	0.25	0.5	0.306964
0.52	0.166666666666667	0.444029850746269	0.779138
0.72	0.583333333333333	0.619402985074627	0.103795
0.8	0.25	0.652985074626866	0.262760
0.84	0.25	0.567164179104478	0.208302
0.44	0.666666666666667	0.436567164179104	0.114309
0.52	0.75	0.257462686567164	0.217471
0.36	0.333333333333333	0.287313432835821	0.481691
0.56	0.916666666666667	0.626865671641791	0.080352
0.8	0.416666666666667	0.541044776119403	0.110506
0.52	0.416666666666667	0.358208955223881	0.171857
0.52	0.25	0.652985074626866	0.654606
0.72	0.666666666666667	0.529850746268657	0.110506
0.72	0.0833333333333333	0.593283582089552	0.836501
0.68	0.833333333333333	0.57089552238806	0.070563
0.84	0.333333333333333	0.552238805970149	0.184439
0.52	0.25	0.436567164179104	0.671837
0.28	0.583333333333333	0.25	0.322980
0.56	0.333333333333333	0.526119402985075	0.261824
0.56	0.416666666666667	0.511194029850746	0.136630
			
0.84	0.25	0.563432835820896	0.481691
0.56	0.416666666666667	0.458955223880597	0.244860
0.48	0.75	0.514925373134328	0.306860
0.44	0.25	0.567164179104478	0.871585
0.76	0.416666666666667	0.42910447761194	0.441270
0.72	0.25	0.600746268656716	0.513728
1	0.166666666666667	0.686567164179104	0.548054
0.48	0.5	0.48134328358209	0.481691
0.52	0.25	0.402985074626866	0.548054
0.76	0.25	0.425373134328358	0.513728
0.36	0.333333333333333	0.462686567164179	0.668868
0.16	0.416666666666667	0.447761194029851	0.871585
0.36	0.583333333333333	0.492537313432836	0.512785
0.16	0.666666666666667	0.402985074626866	0.844689
1	0.25	0.697761194029851	0.413932
0.2	0.583333333333333	0.503731343283582	0.722954
0.44	0.5	0.526119402985075	0.357943
0.52	0.666666666666667	0.522388059701493	0.293966
0.76	0.583333333333333	0.33955223880597	0.387778
0.48	0.333333333333333	0.369402985074627	0.844689
0.48	0.666666666666667	0.414179104477612	0.322980
0.36	0.75	0.574626865671642	0.336741
0.12	0.416666666666667	0.5	0.764803
0.24	0.666666666666667	0.216417910447761	0.337208
0.48	0.75	0.522388059701493	0.250378
0.48	0.75	0.701492537313433	0.249332
0.52	0.333333333333333	0.380597014925373	0.597575
0.76	0.166666666666667	0.641791044776119	0.599005
0.2	0.666666666666667	0.395522388059701	0.790250
0.36	0.5	0.399253731343284	0.722954
0.28	0.583333333333333	0.294776119402985	0.591537
0.76	0.25	0.649253731343284	0.512785
0.48	0.0833333333333333	0.582089552238806	0.764803
0.2	0.666666666666667	0.436567164179104	0.597575
0.12	0.5	0.507462686567164	0.577992
0.72	0.25	0.514925373134328	0.537655
0.32	0.583333333333333	0.716417910447761	0.448251
0.52	0.25	0.425373134328358	0.543609
0.56	0.5	0.380597014925373	0.399260
0.56	0.333333333333333	0.466417910447761	0.167028
0.52	0.166666666666667	0.436567164179104	0.666984
0.4	0.166666666666667	0.417910447761194	0.923092
0.72	0.666666666666667	0.574626865671642	0.133051
0.8	0.333333333333333	0.380597014925373	0.302120
0.72	0.0833333333333333	0.593283582089552	0.670370
0.28	0.416666666666667	0.541044776119403	0.660084
0.48	0.333333333333333	0.67910447761194	0.654606
0.52	0.583333333333333	0.5	0.322980
0.52	0.25	0.395522388059701	0.666984
0.36	0.583333333333333	0.402985074626866	0.543976
0.32	0.416666666666667	0.582089552238806	0.654606
0.6	0.416666666666667	0.343283582089552	0.752226
			
0.2	0.583333333333333	0.470149253731343	0.632075
0.84	0.333333333333333	0.503731343283582	0.261824
0.16	0.75	0.42910447761194	0.601660
0.24	0.666666666666667	0.25	0.337208
0.16	0.666666666666667	0.391791044776119	0.697266
0.68	0.166666666666667	0.552238805970149	0.606706
0.2	0.5	0.5	0.548054
0.52	0.416666666666667	0.466417910447761	0.337208
0.64	0.583333333333333	0.794776119402985	0.134757
0.52	0.166666666666667	0.402985074626866	0.722954
0.84	0.166666666666667	0.634328358208955	0.404163
0.2	0.75	0.145522388059701	0.337208
0.36	0.416666666666667	0.25	0.399260
0.28	0.666666666666667	0.279850746268657	0.198457
0.76	0	0.753731343283582	0.670370
0.52	0.166666666666667	0.503731343283582	0.670370
0.6	0.333333333333333	0.492537313432836	0.322980
0.64	0.5	0.574626865671642	0.158362
0.2	0.666666666666667	0.485074626865672	0.508066
0.52	0.416666666666667	0.380597014925373	0.391768
0.76	0.5	0.384328358208955	0.176871
0.2	0.666666666666667	0.444029850746269	0.562128
0.52	0.583333333333333	0.597014925373134	0.172387
0.6	0.25	0.615671641791045	0.404163
0.32	0.5	0.33955223880597	0.684166
0.2	0.583333333333333	0.51865671641791	0.513728
0.16	0.75	0.369402985074627	0.720125
0.2	0.5	0.440298507462687	0.722954
0.4	0.5	0.514925373134328	0.202097
0.84	0.416666666666667	0.451492537313433	0.357943
0.24	0.583333333333333	0.257462686567164	0.329295
0.76	0.0833333333333333	0.686567164179104	0.670370
0.2	0.583333333333333	0.395522388059701	0.989932
0.76	0.5	0.391791044776119	0.133051
0.76	0.583333333333333	0.294776119402985	0.249745
0.16	0.833333333333333	0.507462686567164	0.525877
0.2	0.666666666666667	0.436567164179104	0.597575
0.84	0.25	0.552238805970149	0.306964
0.56	0.416666666666667	0.458955223880597	0.176871
0.28	0.666666666666667	0.25	0.336741
0.36	0.25	0.272388059701493	0.481691
0.28	0.75	0.205223880597015	0.217471
			
1	0.166666666666667	0.828358208955224	0.496149
0.72	0.75	0.451492537313433	0.357943
0.8	0.416666666666667	0.652985074626866	0.204772
0.8	0.416666666666667	0.656716417910448	0.133051
0.6	0.416666666666667	0.485074626865672	0.399260
0.6	0.416666666666667	0.492537313432836	0.357943
0.52	0.916666666666667	0.432835820895522	0.249745
0.36	0.416666666666667	0.425373134328358	0.722954
0.44	0.5	0.526119402985075	0.357943
0.72	0.166666666666667	0.656716417910448	0.615381
1	0.166666666666667	0.835820895522388	0.460995
0.6	0.75	0.380597014925373	0.399260
1	0.166666666666667	0.73134328358209	0.570565
0.2	0.5	0.567164179104478	0.836501
0.28	0.583333333333333	0.328358208955224	0.481691
0.36	0.75	0.548507462686567	0.357943
0.84	0.416666666666667	0.276119402985075	0.399260
0.2	0.666666666666667	0.402985074626866	0.597575
1	0.166666666666667	0.82089552238806	0.513728
0.6	0.333333333333333	0.492537313432836	0.387778
0.36	0.666666666666667	0.324626865671642	0.867107
1	0.25	0.574626865671642	0.532279
0.56	0.5	0.574626865671642	0.204772
0.84	0.416666666666667	0.317164179104478	0.357943
0.52	0.25	0.328358208955224	0.548054
0.56	0.666666666666667	0.313432835820896	0.684166
0.52	0.583333333333333	0.522388059701493	0.348198
0.36	0.416666666666667	0.526119402985075	0.565018
0.76	0.0833333333333333	0.682835820895522	0.836501
0.68	0.416666666666667	0.578358208955224	0.322980
0.84	0.416666666666667	0.511194029850746	0.336741
0.56	0.333333333333333	0.522388059701493	0.481691
1	0.0833333333333333	0.899253731343284	0.520923
0.2	0.75	0.358208955223881	0.867107
0.36	0.5	0.373134328358209	0.706212
0.48	0.666666666666667	0.462686567164179	0.293966
0.8	0.416666666666667	0.552238805970149	0.224997
0.68	0.5	0.328358208955224	0.399260
0.24	0.5	0.492537313432836	0.989932
0.52	0.166666666666667	0.440298507462687	0.782902
0.56	0.5	0.384328358208955	0.399260
0.36	0.416666666666667	0.447761194029851	0.597575
0.36	0.833333333333333	0.555970149253731	0.217471
0.72	0.25	0.708955223880597	0.513728
0.2	0.583333333333333	0.440298507462687	0.507617
0.32	0.5	0.458955223880597	0.836501
0.84	0.25	0.634328358208955	0.404163
0.36	0.5	0.541044776119403	0.404163
0.4	0.333333333333333	0.347014925373134	0.684971
0.2	0.75	0.376865671641791	0.742883
1	0.166666666666667	0.544776119402985	0.670370
0.36	0.583333333333333	0.492537313432836	0.457194
0.76	0.583333333333333	0.26865671641791	0.172387
0.36	0.75	0.514925373134328	0.399260
0.84	0.333333333333333	0.365671641791045	0.481691
0.8	0.5	0.283582089552239	0.249745
0.84	0.333333333333333	0.529850746268657	0.224854
0.56	0.75	0.641791044776119	0.110506
0.64	0.166666666666667	0.432835820895522	0.928516
0.52	0.666666666666667	0.514925373134328	0.136630
0.4	0.5	0.432835820895522	0.399260
			
0.36	0.416666666666667	0.514925373134328	0.512785
0.8	0.416666666666667	0.447761194029851	0.282565
0.72	0.666666666666667	0.533582089552239	0.176871
0.28	0.833333333333333	0.473880597014925	0.134757
0.64	0.583333333333333	0.585820895522388	0.134757
0.2	0.583333333333333	0.466417910447761	0.706212
0.52	0.166666666666667	0.470149253731343	0.722954
0.56	0.916666666666667	0.567164179104478	0.018526
0.56	0.416666666666667	0.735074626865672	0.448251
0.32	0.583333333333333	0.305970149253731	0.470197
0.6	0.416666666666667	0.451492537313433	0.399260
0.24	0.5	0.458955223880597	0.989932
0.76	0.0833333333333333	0.686567164179104	0.670370
0.72	0.166666666666667	0.656716417910448	0.620729
0.6	0.416666666666667	0.458955223880597	0.336741
0.8	0.416666666666667	0.537313432835821	0.176871
0.44	0.75	0.354477611940298	0.250378
0.76	0.166666666666667	0.649253731343284	0.548054
0.6	0.5	0.485074626865672	0.217471
0.56	0.75	0.574626865671642	0.110506
0.52	0.0833333333333333	0.473880597014925	0.836501
0.36	0.333333333333333	0.522388059701493	0.454945
0.2	0.583333333333333	0.473880597014925	0.668868
0.6	0.333333333333333	0.492537313432836	0.322980
0.44	0.5	0.51865671641791	0.399260
0.84	0.166666666666667	0.667910447761194	0.385876
0.56	0.75	0.492537313432836	0.180117
0.84	0.416666666666667	0.287313432835821	0.399260
0.48	0.25	0.417910447761194	0.590076
0.36	0.5	0.384328358208955	0.606989
0.84	0.416666666666667	0.444029850746269	0.357943
0.84	0.333333333333333	0.548507462686567	0.184439
0.8	0.583333333333333	0.421641791044776	0.217471
0.68	0.416666666666667	0.630597014925373	0.121920
0.52	0.25	0.470149253731343	0.512785
0.2	0.666666666666667	0.41044776119403	0.662443
1	0	0.701492537313433	0.670370
0.24	0.75	0.503731343283582	0.315698
0.28	0.833333333333333	0.414179104477612	0.181629
0.28	0.666666666666667	0.201492537313433	0.336741
0.52	0.916666666666667	0.574626865671642	0.111879
0.4	0.166666666666667	0.451492537313433	0.819110
0.56	0.5	0.58955223880597	0.249745
0.48	0.666666666666667	0.582089552238806	0.176871
0.52	0.166666666666667	0.477611940298507	0.670370
0.72	0.0833333333333333	0.779850746268657	0.764803
0.52	0.5	0.324626865671642	0.336741
1	0.333333333333333	0.455223880597015	0.562128
0.48	0.416666666666667	0.361940298507463	0.547612
0.76	0.333333333333333	0.388059701492537	0.684166
0.52	0.5	0.555970149253731	0.306964
0.4	0.25	0.41044776119403	0.811135
0.96	0.333333333333333	0.328358208955224	0.632075
0.48	0.333333333333333	0.287313432835821	0.706212
0.36	0.416666666666667	0.414179104477612	0.722954
0.6	0.333333333333333	0.544776119402985	0.220046
0.68	0.25	0.473880597014925	0.481691
0.76	0.583333333333333	0.317164179104478	0.322980
0.56	0.416666666666667	0.742537313432836	0.398607
0.84	0.166666666666667	0.57089552238806	0.419576
0.84	0.333333333333333	0.514925373134328	0.282565
0.6	0.25	0.51865671641791	0.268181
0.48	0.666666666666667	0.447761194029851	0.322980
0.72	0.166666666666667	0.664179104477612	0.611019
0.56	0.75	0.615671641791045	0.064934
0.4	0.583333333333333	0.492537313432836	0.181629
0.56	0.5	0.522388059701493	0.302184
			
1	0.25	0.444029850746269	0.632075
0.44	0.583333333333333	0.462686567164179	0.262760
0.52	0.333333333333333	0.376865671641791	0.543976
0.64	0.5	0.705223880597015	0.181629
0.36	0.583333333333333	0.302238805970149	0.684166
0.52	0.333333333333333	0.354477611940298	0.562128
0.56	0.416666666666667	0.432835820895522	0.336741
0.64	0.5	0.544776119402985	0.244860
0.52	0.75	0.548507462686567	0.179416
0.2	0.583333333333333	0.361940298507463	0.989932
0.68	0.333333333333333	0.477611940298507	0.420763
0.44	0.416666666666667	0.559701492537313	0.322980
0.52	0.5	0.343283582089552	0.249745
0.72	0.166666666666667	0.656716417910448	0.620729
0.48	0.25	0.611940298507463	0.654606
0.36	0.166666666666667	0.507462686567164	0.836501
0.72	0.25	0.485074626865672	0.548054
0.72	0.833333333333333	0.533582089552239	0.039494
1	0.25	0.477611940298507	0.548054
0.36	0.75	0.582089552238806	0.293966
0.72	0.0833333333333333	0.619402985074627	0.836501
0.56	0.25	0.514925373134328	0.481691
0.36	0.416666666666667	0.380597014925373	0.597575
0.28	0.666666666666667	0.25	0.336741
0.48	0.333333333333333	0.5	0.989932
0.28	0.833333333333333	0.522388059701493	0.181629
0.48	0.166666666666667	0.694029850746269	0.764803
0.2	0.666666666666667	0.432835820895522	0.869457
0.36	0.666666666666667	0.548507462686567	0.322980
0.84	0.25	0.641791044776119	0.384674
0.84	0.333333333333333	0.451492537313433	0.322980
0.64	0.583333333333333	0.544776119402985	0.204772
0.44	0.666666666666667	0.380597014925373	0.261824
0.52	0.333333333333333	0.253731343283582	0.597575
0.24	0.666666666666667	0.522388059701493	0.790250
0.52	0.25	0.350746268656716	0.706212
0.52	0.166666666666667	0.414179104477612	0.671837
0.72	0.583333333333333	0.466417910447761	0.248287
0.4	0.5	0.48134328358209	0.336741
0.72	0.666666666666667	0.5	0.078745
0.84	0.416666666666667	0.41044776119403	0.399260
0.84	0.25	0.5	0.481691
0.4	0.833333333333333	0.33955223880597	0.172387
0.44	0.75	0.343283582089552	0.249745
1	0.0833333333333333	0.720149253731343	0.620729
0.32	0.75	0.652985074626866	0.176871
0.28	0.583333333333333	0.317164179104478	0.481691
0.72	0.416666666666667	0.425373134328358	0.424828
0.48	0.75	0.48134328358209	0.204772
0.2	0.416666666666667	0.436567164179104	0.836501
0.72	0.666666666666667	0.466417910447761	0.220046
1	0.0833333333333333	0.664179104477612	0.670370
0.6	0.333333333333333	0.5	0.261824
0.84	0.25	0.541044776119403	0.393272
0.84	0.166666666666667	0.548507462686567	0.385876
0.48	0.416666666666667	0.194029850746269	0.477219
0.8	0.416666666666667	0.473880597014925	0.012380
0.64	0.5	0.805970149253731	0.134757
0.68	0.25	0.597014925373134	0.404163
0.84	0.166666666666667	0.507462686567164	0.467800
0.6	0.75	0.630597014925373	0.120735
			
0.76	0.333333333333333	0.388059701492537	0.684166
0.36	0.666666666666667	0.58955223880597	0.236971
0.48	0.166666666666667	0.578358208955224	0.601873
0.2	0.75	0.41044776119403	0.742883
0.36	0.583333333333333	0.597014925373134	0.217355
0.76	0.416666666666667	0.388059701492537	0.473433
0.36	0.583333333333333	0.134328358208955	0.597575
0.76	0.666666666666667	0.302238805970149	0.315482
0.52	0.666666666666667	0.272388059701493	0.477219
0.84	0.416666666666667	0.279850746268657	0.315482
0.32	0.666666666666667	0.305970149253731	0.597575
0.6	0.75	0.335820895522388	0.315482
0.8	0.5	0.462686567164179	0.204772
0.52	0.0833333333333333	0.582089552238806	0.601873
0.36	0.833333333333333	0.51865671641791	0.217471
1	0.25	0.436567164179104	0.496149
0.72	0.75	0.324626865671642	0.250378
0.8	0.5	0.354477611940298	0.684166
0.4	0.583333333333333	0.630597014925373	0.204772
0.6	0.166666666666667	0.57089552238806	0.304479
0.12	0.416666666666667	0.5	0.879957
0.76	0	0.638059701492537	0.504209
0.32	0.75	0.238805970149254	0.336741
0.28	0.333333333333333	0.395522388059701	0.249332
0.96	0.25	0.376865671641791	0.722954
0.76	0.25	0.395522388059701	0.632075
0.52	0.416666666666667	0.496268656716418	0.175578
0.56	0.416666666666667	0.309701492537313	0.758825
0.52	0.583333333333333	0.458955223880597	0.172387
0.48	0.0833333333333333	0.485074626865672	0.654606
0.8	0.333333333333333	0.51865671641791	0.167028
0.52	0.75	0.51865671641791	0.159922
0.32	0.666666666666667	0.33955223880597	0.543976
0.6	0.416666666666667	0.391791044776119	0.357943
0.96	0.333333333333333	0.335820895522388	0.599005
0.8	0.416666666666667	0.470149253731343	0.202097
0.76	0.0833333333333333	0.552238805970149	0.601873
0.76	0	0.541044776119403	0.604015
0.72	0.75	0.167910447761194	0.336741
0.2	0.666666666666667	0.436567164179104	0.597575
0.56	0.25	0.496268656716418	0.177013
0.52	0.583333333333333	0.33955223880597	0.249745
0.52	0.5	0.361940298507463	0.407914
0.28	0.666666666666667	0.287313432835821	0.720203
0.44	0.25	0.555970149253731	0.555496
0.56	0.5	0.604477611940298	0.134757
			
0.76	0.583333333333333	0.574626865671642	0.282565
0.8	0.416666666666667	0.649253731343284	0.176871
0.36	0.416666666666667	0.227611940298507	0.336741
0.84	0.25	0.634328358208955	0.404163
0.6	0.25	0.694029850746269	0.548054
0.36	0.5	0.223880597014925	0.671837
0.32	0.416666666666667	0.33955223880597	0.676803
0.76	0.25	0.619402985074627	0.513728
1	0.166666666666667	0.686567164179104	0.548054
0.52	0.75	0.257462686567164	0.217471
0.72	0.0833333333333333	0.619402985074627	0.782902
0.48	0.166666666666667	0.485074626865672	0.654606
1	0.25	0.574626865671642	0.532279
0.48	0.166666666666667	0.317164179104478	0.676803
1	0.25	0.447761194029851	0.632075
0.72	0.666666666666667	0.645522388059702	0.176871
1	0	0.701492537313433	0.670370
0.84	0.333333333333333	0.544776119402985	0.224854
0.76	0.0833333333333333	0.686567164179104	0.604015
0.2	0.416666666666667	0.41044776119403	0.782902
1	0.166666666666667	0.451492537313433	0.632075
0.76	0.0833333333333333	0.552238805970149	0.654606
0.68	0.833333333333333	0.735074626865672	0.070563
0.6	0.583333333333333	0.630597014925373	0.261824
0.8	0.5	0.503731343283582	0.249745
1	0.25	0.466417910447761	0.548054
0.76	0.166666666666667	0.686567164179104	0.601873
1	0.25	0.451492537313433	0.597575
0.8	0.333333333333333	0.656716417910448	0.167028
0.8	0.416666666666667	0.552238805970149	0.224997
0.28	0.25	0.361940298507463	0.654606
0.36	0.416666666666667	0.242537313432836	0.293966
0.84	0.333333333333333	0.477611940298507	0.322980
0.84	0.333333333333333	0.51865671641791	0.282565
0.36	0.333333333333333	0.317164179104478	0.461799
0.16	0.666666666666667	0.399253731343284	0.652119
0.72	0.75	0.347014925373134	0.204772
0.72	0.666666666666667	0.615671641791045	0.271794
0.6	0.333333333333333	0.492537313432836	0.322980
0.2	0.5	0.276119402985075	0.293966
0.68	0.416666666666667	0.619402985074627	0.282565
0.72	0.75	0.533582089552239	0.181629
0.68	0.833333333333333	0.533582089552239	0.172387
			
0.64	0.333333333333333	0.406716417910448	0.832508
0.76	0.25	0.477611940298507	0.722954
1	0.25	0.440298507462687	0.632075
0.84	0.25	0.634328358208955	0.404163
0.48	0.5	0.552238805970149	0.404163
0.4	0.916666666666667	0.66044776119403	0.358244
0.64	0.333333333333333	0.399253731343284	0.867107
0.6	0.416666666666667	0.492537313432836	0.336741
0.56	0.75	0.597014925373134	0.134757
0.6	0.416666666666667	0.485074626865672	0.399260
0.52	0.916666666666667	0.432835820895522	0.249745
0.28	0.666666666666667	0.32089552238806	0.720203
0.36	0.333333333333333	0.470149253731343	0.797144
0.44	0.583333333333333	0.66044776119403	0.391768
0.72	0.75	0.287313432835821	0.249745
0.48	0.25	0.667910447761194	0.654606
0.6	0.5	0.451492537313433	0.548054
0.72	0.166666666666667	0.574626865671642	0.668868
0.76	0.583333333333333	0.33955223880597	0.181629
0.64	0.916666666666667	0.287313432835821	0.204772
0.12	0.416666666666667	0.485074626865672	0.604015
0.84	0.333333333333333	0.451492537313433	0.322980
0.64	0.25	0.652985074626866	0.714584
0.96	0.25	0.567164179104478	0.548054
0.32	0.75	0.235074626865672	0.742883
0.72	0.416666666666667	0.395522388059701	0.557778
0.68	0.333333333333333	0.458955223880597	0.706212
0.6	0.416666666666667	0.328358208955224	0.720063
0.12	0.583333333333333	0.466417910447761	0.872513
0.76	0.0833333333333333	0.667910447761194	0.604015
0.8	0.5	0.503731343283582	0.249745
0.12	0.5	0.473880597014925	0.654606
0.68	0.416666666666667	0.619402985074627	0.293966
0.32	0.666666666666667	0.264925373134328	0.597575
0.32	0.5	0.399253731343284	0.869994
0.6	0.25	0.440298507462687	0.751630
0.2	0.583333333333333	0.380597014925373	0.989932
0.6	0.333333333333333	0.694029850746269	0.543976
0.64	0.333333333333333	0.436567164179104	0.779347
0.76	0.25	0.638059701492537	0.548054
0.52	0.166666666666667	0.458955223880597	0.738494
0.72	0.833333333333333	0.533582089552239	0.039494
0.4	0.166666666666667	0.712686567164179	0.742259
0.8	0.5	0.294776119402985	0.306860
0.48	0.75	0.48134328358209	0.204772
0.56	0.333333333333333	0.597014925373134	0.706212
0.72	0.333333333333333	0.347014925373134	0.562128
0.72	0.666666666666667	0.544776119402985	0.134757
0.72	0.25	0.537313432835821	0.706212
0.68	0.833333333333333	0.376865671641791	0.204772
0.16	0.583333333333333	0.421641791044776	0.464401
0.72	0.25	0.604477611940298	0.611319
0.6	0.333333333333333	0.638059701492537	0.632075
0.84	0.333333333333333	0.552238805970149	0.261824
0.6	0.333333333333333	0.42910447761194	1.000000
0.56	0.333333333333333	0.604477611940298	0.668868
0.56	0.666666666666667	0.417910447761194	0.557778
0.76	0.5	0.42910447761194	0.315698
0.36	0.583333333333333	0.167910447761194	0.597575
0.48	0.25	0.458955223880597	0.989932
0.8	0.5	0.533582089552239	0.245304
1	0.25	0.630597014925373	0.513728
0.48	0.666666666666667	0.488805970149254	0.202097
0.6	0.25	0.694029850746269	0.548054
0.6	0.333333333333333	0.671641791044776	0.548054
0.36	0.416666666666667	0.414179104477612	0.597575
0.72	0.25	0.574626865671642	0.659364
0.16	0.666666666666667	0.406716417910448	0.717284
0.12	0.75	0.332089552238806	0.720203
0.72	0.25	0.548507462686567	0.668868
0.48	0.416666666666667	0.559701492537313	0.385876
0.68	0.75	0.41044776119403	0.204772
0.4	0.833333333333333	0.671641791044776	0.377806
0.64	0.5	0.574626865671642	0.134757
0.64	0.166666666666667	0.455223880597015	0.989932
0.68	0.416666666666667	0.470149253731343	0.477219
0.64	0.583333333333333	0.473880597014925	0.357943
			
0.72	0.0833333333333333	0.619402985074627	0.836501
0.36	0.333333333333333	0.41044776119403	0.797144
0.36	0.5	0.384328358208955	0.513728
0.48	0.333333333333333	0.276119402985075	0.797144
0.36	0.5	0.376865671641791	0.548054
0.48	0.416666666666667	0.264925373134328	0.444377
1	0.0833333333333333	0.656716417910448	0.670370
0.36	0.416666666666667	0.388059701492537	0.562128
0.16	0.666666666666667	0.380597014925373	0.548948
0.8	0.416666666666667	0.399253731343284	0.322980
0.56	0.416666666666667	0.432835820895522	0.336741
0.36	0.583333333333333	0.190298507462687	0.597575
0.4	0.333333333333333	0.33955223880597	0.737704
0.76	0.0833333333333333	0.686567164179104	0.670370
0.6	0.416666666666667	0.257462686567164	0.399260
0.36	0.583333333333333	0.197761194029851	0.562128
0.84	0.25	0.634328358208955	0.342867
0.72	0.75	0.194029850746269	0.399260
0.76	0.583333333333333	0.567164179104478	0.224854
0.96	0.25	0.544776119402985	0.483610
0.72	0.25	0.582089552238806	0.448258
0.48	0.333333333333333	0.365671641791045	0.709124
0.28	0.583333333333333	0.223880597014925	0.261824
0.52	0.333333333333333	0.134328358208955	0.597575
0.28	0.666666666666667	0.208955223880597	0.684971
0.44	0.5	0.51865671641791	0.399260
0.68	0.25	0.567164179104478	0.483610
0.64	0.75	0.779850746268657	0.244947
0.76	0.166666666666667	0.708955223880597	0.520301
1	0.0833333333333333	0.723880597014925	0.570565
0.68	0.166666666666667	0.582089552238806	0.526882
0.8	0.25	0.712686567164179	0.436118
0.28	0.666666666666667	0.216417910447761	0.336741
0.48	0.416666666666667	0.0373134328358209	0.684166
0.68	0.333333333333333	0.33955223880597	0.541753
0.8	0.5	0.279850746268657	0.181629
0.2	0.666666666666667	0.223880597014925	0.597575
0.96	0	0.776119402985075	0.504209
0.48	0.5	0.470149253731343	0.248287
0.52	0.25	0.354477611940298	0.548054
0.48	0.25	0.354477611940298	0.726447
0.36	0.25	0.477611940298507	0.836501
0.96	0.25	0.503731343283582	0.541753
0.52	0.166666666666667	0.432835820895522	0.645326
0.24	0.416666666666667	0.388059701492537	0.737704
0.36	0.333333333333333	0.444029850746269	0.706212
0.76	0.416666666666667	0.417910447761194	0.391768
0.56	0.333333333333333	0.440298507462687	0.261824
			
0.36	0.5	0.227611940298507	0.159922
1	0.25	0.652985074626866	0.396353
0.28	0.666666666666667	0.25	0.336741
1	0.0833333333333333	0.723880597014925	0.670370
0.28	0.583333333333333	0.291044776119403	0.261824
0.48	0.25	0.298507462686567	0.566956
0.36	0.333333333333333	0.291044776119403	0.261824
0.36	0.5	0.175373134328358	0.548054
0.36	0.333333333333333	0.227611940298507	0.287041
0.96	0.166666666666667	0.73134328358209	0.537655
0.76	0.0833333333333333	0.682835820895522	0.764803
0.72	0.25	0.608208955223881	0.513728
0.32	0.583333333333333	0.354477611940298	0.018526
0.32	0.416666666666667	0.197761194029851	0.261824
0.8	0.583333333333333	0.276119402985075	0.080352
0.16	0.833333333333333	0.473880597014925	0.470197
0.84	0.25	0.686567164179104	0.396353
0.48	0.166666666666667	0.388059701492537	0.606706
0.8	0.416666666666667	0.511194029850746	0.176871
0.32	0.333333333333333	0.421641791044776	0.836501
0.48	0.25	0.305970149253731	0.533391
0.32	0.583333333333333	0.190298507462687	0.722954
1	0.25	0.623134328358209	0.448258
0.64	0.583333333333333	0.544776119402985	0.002152
0.16	0.583333333333333	0.444029850746269	0.836501
0.52	0.0833333333333333	0.473880597014925	0.836501
0.32	0.5	0.253731343283582	0.134757
0.28	0.166666666666667	0.485074626865672	0.764803
1	0.0833333333333333	0.649253731343284	0.671837
0.2	0.5	0.253731343283582	0.293966
			
0.24	0.583333333333333	0.522388059701493	0.989932
0.2	0.583333333333333	0.541044776119403	0.871585
0.56	0.25	0.597014925373134	0.671837
0.36	0.416666666666667	0.634328358208955	0.923092
0.48	0.75	0.582089552238806	0.204772
0.52	0.916666666666667	0.51865671641791	0.324435
0.8	0.5	0.485074626865672	0.249745
0.36	0.5	0.373134328358209	0.706212
0.36	0.5	0.380597014925373	0.668868
0.6	0.166666666666667	0.667910447761194	0.670370
0.84	0.416666666666667	0.287313432835821	0.399260
0.68	0.166666666666667	0.488805970149254	0.722954
0.44	0.5	0.51865671641791	0.399260
1	0.0833333333333333	0.630597014925373	0.670370
0.16	0.666666666666667	0.444029850746269	0.871585
0.68	0.25	0.544776119402985	0.286885
0.2	0.666666666666667	0.402985074626866	0.597575
1	0.0833333333333333	0.723880597014925	0.570565
0.72	0.166666666666667	0.619402985074627	0.620729
0.72	0.25	0.541044776119403	0.654606
0.64	0.5	0.563432835820896	0.223932
0.76	0.166666666666667	0.555970149253731	0.604015
0.76	0.166666666666667	0.458955223880597	0.654606
0.76	0.0833333333333333	0.667910447761194	0.604015
0.32	0.666666666666667	0.298507462686567	0.571734
0.44	0.666666666666667	0.727611940298508	0.384697
0.72	0.166666666666667	0.615671641791045	0.671837
0.4	0.166666666666667	0.432835820895522	0.923092
0.44	0.416666666666667	0.526119402985075	0.387778
0.4	0.666666666666667	0.727611940298508	0.499239
0.64	0.5	0.567164179104478	0.181629
0.76	0.75	0.529850746268657	0.159922
0.36	0.5	0.783582089552239	0.654606
0.64	0.0833333333333333	0.641791044776119	0.923092
0.52	0.25	0.350746268656716	0.706212
1	0.25	0.436567164179104	0.599005
0.36	0.583333333333333	0.526119402985075	0.512785
0.56	0.25	0.630597014925373	0.620729
0.52	0.0833333333333333	0.652985074626866	0.764803
0.76	0.666666666666667	0.567164179104478	0.037344
0.8	0.25	0.451492537313433	0.481691
0.72	0.583333333333333	0.548507462686567	0.125263
0.8	0.416666666666667	0.544776119402985	0.244860
0.32	0.583333333333333	0.402985074626866	0.722954
0.16	0.75	0.332089552238806	0.571734
0.72	0.666666666666667	0.533582089552239	0.176871
0.48	0.25	0.630597014925373	0.764803
0.48	0.333333333333333	0.313432835820896	0.343383
0.56	0.833333333333333	0.559701492537313	0.249745
0.8	0.5	0.492537313432836	0.204772
0.64	0.583333333333333	0.309701492537313	0.249745
0.52	0.666666666666667	0.541044776119403	0.336741
0.4	0.333333333333333	0.347014925373134	0.684971
			
0.36	0.583333333333333	0.369402985074627	0.597575
0.76	0.416666666666667	0.388059701492537	0.473433
1	0.25	0.667910447761194	0.532279
0.44	0.416666666666667	0.686567164179104	0.836501
0.4	0.5	0.492537313432836	0.176871
1	0.25	0.682835820895522	0.513728
0.32	0.583333333333333	0.421641791044776	0.700085
0.4	0.583333333333333	0.451492537313433	0.249745
0.36	0.666666666666667	0.376865671641791	0.358453
0.52	0.25	0.235074626865672	0.722954
0.52	0.333333333333333	0.171641791044776	0.597575
0.84	0.333333333333333	0.544776119402985	0.322980
0.76	0.166666666666667	0.485074626865672	0.670370
0.4	0.666666666666667	0.485074626865672	0.080352
0.2	0.75	0.41044776119403	0.742883
0.76	0.583333333333333	0.376865671641791	0.249745
0.8	0.416666666666667	0.511194029850746	0.176871
0.96	0.166666666666667	0.615671641791045	0.615381
0.76	0.0833333333333333	0.708955223880597	0.764803
0.56	0.416666666666667	0.507462686567164	0.271794
0.72	0.25	0.541044776119403	0.548054
0.72	0.166666666666667	0.656716417910448	0.620729
0.4	0.583333333333333	0.458955223880597	0.204772
0.6	0.25	0.638059701492537	0.597575
1	0.0833333333333333	0.723880597014925	0.670370
0.68	0.333333333333333	0.455223880597015	0.548054
0.96	0.333333333333333	0.537313432835821	0.532279
0.24	0.5	0.492537313432836	0.989932
0.52	0.25	0.41044776119403	0.706212
0.28	0.75	0.223880597014925	0.120735
0.36	0.5	0.365671641791045	0.671837
0.36	0.5	0.376865671641791	0.448258
0.56	0.5	0.541044776119403	0.100451
0.36	0.5	0.272388059701493	0.722954
0.48	0.333333333333333	0.537313432835821	0.989932
0.2	0.75	0.391791044776119	0.867107
0.72	0.333333333333333	0.541044776119403	0.336516
0.76	0.5	0.384328358208955	0.176871
0.2	0.666666666666667	0.436567164179104	0.543976
0.72	0.166666666666667	0.634328358208955	0.670370
0.52	0.166666666666667	0.451492537313433	0.722954
0.2	0.583333333333333	0.470149253731343	0.671837
0.4	0.666666666666667	0.492537313432836	0.039494
0.48	0.416666666666667	0.257462686567164	0.477219
0.32	0.666666666666667	0.283582089552239	0.696529
0.72	0.166666666666667	0.664179104477612	0.611019
0.76	0.0833333333333333	0.682835820895522	0.836501
0.76	0.166666666666667	0.533582089552239	0.654606
0.56	0.333333333333333	0.548507462686567	0.198376
0.16	0.75	0.369402985074627	0.871369
0.56	0.416666666666667	0.432835820895522	0.336741
0.56	0.5	0.451492537313433	0.249745
			
0.28	0.833333333333333	0.227611940298507	0.359529
0.4	0.5	0.5	0.180117
0.56	0.5	0.458955223880597	0.181629
0.6	0.333333333333333	0.242537313432836	0.322980
0.52	0.166666666666667	0.473880597014925	0.836501
0.68	0.166666666666667	0.604477611940298	0.606706
0.76	0.25	0.395522388059701	0.632075
1	0.166666666666667	0.757462686567164	0.570565
0.52	0.333333333333333	0.41044776119403	0.543976
0.32	0.416666666666667	0.600746268656716	0.654606
0.36	0.333333333333333	0.48134328358209	0.671837
0.72	0.0833333333333333	0.623134328358209	0.670370
0.72	0.0833333333333333	0.619402985074627	0.836501
0.56	0.416666666666667	0.466417910447761	0.110506
0.52	0.166666666666667	0.477611940298507	0.620729
0.52	0.25	0.395522388059701	0.671837
0.52	0.333333333333333	0.406716417910448	0.562128
0.48	0.75	0.48134328358209	0.204772
0.68	0.25	0.600746268656716	0.464401
0.72	0.666666666666667	0.391791044776119	0.135731
0.76	0.583333333333333	0.361940298507463	0.220046
0.72	0.25	0.567164179104478	0.548054
0.52	0.333333333333333	0.347014925373134	0.597575
1	0.25	0.492537313432836	0.513728
0.04	0.5	0.26865671641791	0.400641
0.6	0.25	0.634328358208955	0.543976
0.24	0.833333333333333	0.126865671641791	0.601489
0.6	0.25	0.649253731343284	0.390008
0.48	0.833333333333333	0.473880597014925	0.080352
0.84	0.333333333333333	0.559701492537313	0.220046
0.28	0.75	0.23134328358209	0.601489
0.36	0.25	0.485074626865672	0.836501
0	0.583333333333333	0.302238805970149	0.249332
0.28	0.833333333333333	0.220149253731343	0.470197
0.32	0.416666666666667	0.384328358208955	0.671837
0.84	0.333333333333333	0.496268656716418	0.282565
0.96	0.25	0.544776119402985	0.570565
0.36	0.416666666666667	0.227611940298507	0.336741
1	0.0833333333333333	0.73134328358209	0.658669
0.52	0.0833333333333333	0.682835820895522	0.782902
			
0.36	0.416666666666667	0.522388059701493	0.836501
0.72	0.166666666666667	0.563432835820896	0.670370
0.36	0.416666666666667	0.727611940298508	0.764803
1	0.0833333333333333	0.694029850746269	0.666984
0.68	0.333333333333333	0.477611940298507	0.343383
0.84	0.25	0.548507462686567	0.374557
0.48	0.333333333333333	0.432835820895522	0.706212
0.24	0.75	0.488805970149254	0.622173
1	0.0833333333333333	0.630597014925373	0.670370
0.24	0.666666666666667	0.462686567164179	0.832508
0.8	0.333333333333333	0.432835820895522	0.374557
0.76	0.25	0.67910447761194	0.512785
0.84	0.333333333333333	0.399253731343284	0.481691
0.56	0.5	0.458955223880597	0.204772
0.4	0.916666666666667	0.41044776119403	0.172387
0.28	0.916666666666667	0.507462686567164	0.249745
0.8	0.583333333333333	0.421641791044776	0.217471
0.52	0.666666666666667	0.279850746268657	0.399260
0.72	0.75	0.216417910447761	0.399260
0.56	0.333333333333333	0.522388059701493	0.481691
0.76	0.75	0.332089552238806	0.217471
0.48	0.666666666666667	0.48134328358209	0.244860
0.84	0.333333333333333	0.544776119402985	0.322980
0.48	0.416666666666667	0.514925373134328	0.482720
0.8	0.333333333333333	0.645522388059702	0.262760
0.36	0.583333333333333	0.41044776119403	0.507617
0.32	0.666666666666667	0.384328358208955	0.547612
0.24	0.666666666666667	0.455223880597015	0.867107
0.56	0.416666666666667	0.432835820895522	0.336741
0.84	0.333333333333333	0.552238805970149	0.282565
0.84	0.416666666666667	0.384328358208955	0.293966
0.36	0.5	0.376865671641791	0.548054
0.4	0.916666666666667	0.283582089552239	0.249745
0.52	0.416666666666667	0.380597014925373	0.391768
0.44	0.75	0.395522388059701	0.176871
0.32	0.75	0.488805970149254	0.336741
0.68	0.75	0.197761194029851	0.481691
0.52	0.25	0.350746268656716	0.706212
0.56	0.583333333333333	0.451492537313433	0.080352
0.8	0.5	0.194029850746269	0.399260
0.44	0.75	0.33955223880597	0.250378
0.56	0.416666666666667	0.559701492537313	0.315698
0.72	0.0833333333333333	0.582089552238806	0.782902
0.56	0.5	0.485074626865672	0.181629
0.84	0.166666666666667	0.507462686567164	0.404163
0.76	0.583333333333333	0.324626865671642	0.387778
0.52	0.0833333333333333	0.380597014925373	0.836501
0.4	0.416666666666667	0.477611940298507	0.939933
0.44	0.833333333333333	0.373134328358209	0.249745
0.8	0.5	0.317164179104478	0.306860
0.32	0.5	0.283582089552239	0.597575
0.8	0.5	0.32089552238806	0.249745
0.2	0.583333333333333	0.48134328358209	0.706212
0.52	0.666666666666667	0.365671641791045	0.080352
0.72	0.166666666666667	0.615671641791045	0.599005
0.52	0.5	0.373134328358209	0.244860
0.68	0.166666666666667	0.667910447761194	0.782902
0.76	0.25	0.645522388059702	0.513728
0.52	0.166666666666667	0.735074626865672	0.764803
0.52	0.25	0.388059701492537	0.548054
0.84	0.416666666666667	0.317164179104478	0.336741
0.2	0.75	0.358208955223881	0.867107
0.44	0.333333333333333	0.686567164179104	0.811135
0.52	0.333333333333333	0.347014925373134	0.597575
0.8	0.333333333333333	0.600746268656716	0.329295
0.48	0.666666666666667	0.462686567164179	0.293966
0.2	0.75	0.365671641791045	0.832508
0.8	0.416666666666667	0.507462686567164	0.176871
0.6	0.416666666666667	0.257462686567164	0.399260
0.2	0.666666666666667	0.466417910447761	0.999741
0.32	0.833333333333333	0.455223880597015	0.181629
0.52	0.666666666666667	0.287313432835821	0.336741
0.48	0.583333333333333	0.488805970149254	0.167028
0.44	0.666666666666667	0.347014925373134	0.316851
0.52	0.583333333333333	0.335820895522388	0.249745
0.4	0.583333333333333	0.485074626865672	0.249745
0.2	0.666666666666667	0.567164179104478	0.678374
			
0.6	0.416666666666667	0.328358208955224	0.951749
0.32	0.583333333333333	0.376865671641791	0.573634
0.32	0.583333333333333	0.369402985074627	0.709124
0.52	0.166666666666667	0.444029850746269	0.670370
0.44	0.5	0.51865671641791	0.399260
1	0.25	0.455223880597015	0.599005
0.32	0.5	0.365671641791045	0.836501
0.84	0.416666666666667	0.32089552238806	0.336741
0.44	0.75	0.347014925373134	0.336741
1	0.0833333333333333	0.723880597014925	0.570565
0.52	0.166666666666667	0.440298507462687	0.836501
0.6	0.5	0.529850746268657	0.159922
0.36	0.25	0.455223880597015	0.670370
0.76	0.25	0.671641791044776	0.496149
0.72	0.25	0.559701492537313	0.513728
0.72	0.0833333333333333	0.623134328358209	0.670370
0.36	0.333333333333333	0.347014925373134	0.481691
0.48	0.75	0.246268656716418	0.249745
1	0.25	0.48134328358209	0.548054
0.32	0.5	0.440298507462687	0.464401
0.32	0.5	0.41044776119403	0.537655
0.72	0.25	0.42910447761194	0.722954
0.12	0.583333333333333	0.388059701492537	0.467800
0.76	0.25	0.690298507462687	0.460995
0.4	0.666666666666667	0.723880597014925	0.444377
0.84	0.25	0.615671641791045	0.467800
0.32	0.75	0.488805970149254	0.336741
0.48	0.583333333333333	0.436567164179104	0.261824
0.68	0.416666666666667	0.578358208955224	0.224854
1	0.25	0.611940298507463	0.413932
0.2	0.416666666666667	0.447761194029851	0.670370
0.76	0.0833333333333333	0.626865671641791	0.654606
0.16	0.833333333333333	0.26865671641791	0.742883
0.76	0.666666666666667	0.276119402985075	0.399260
0.8	0.416666666666667	0.559701492537313	0.188315
0.24	0.666666666666667	0.544776119402985	0.445850
0.6	0.416666666666667	0.335820895522388	0.918434
0.44	0.75	0.369402985074627	0.250378
0.72	0.0833333333333333	0.619402985074627	0.775085
0.36	0.5	0.5	0.454945
0.44	0.666666666666667	0.354477611940298	0.327899
0.44	0.75	0.563432835820896	0.181629
0.52	0.166666666666667	0.350746268656716	0.858554
0.48	0.5	0.302238805970149	0.404163
1	0.25	0.417910447761194	0.632075
0.44	0.416666666666667	0.526119402985075	0.322980
0.76	0.0833333333333333	0.738805970149254	0.604015
0.84	0.333333333333333	0.593283582089552	0.220046
0.52	0.166666666666667	0.477611940298507	0.570565
0.8	0.416666666666667	0.656716417910448	0.133051
1	0.25	0.488805970149254	0.513728
0.68	0.25	0.567164179104478	0.537655
0.56	0.333333333333333	0.414179104477612	0.261824
			
0.48	0.666666666666667	0.48134328358209	0.176871
0.2	0.666666666666667	0.402985074626866	0.597575
0.52	0.25	0.436567164179104	0.671837
0.4	0.666666666666667	0.764925373134328	0.448251
0.36	0.583333333333333	0.369402985074627	0.597575
0.72	0.166666666666667	0.615671641791045	0.671837
1	0.166666666666667	0.746268656716418	0.658669
0.4	0.75	0.667910447761194	0.513512
0.64	0.583333333333333	0.388059701492537	0.513512
0.52	0.333333333333333	0.354477611940298	0.562128
0.52	0.333333333333333	0.347014925373134	0.597575
1	0.25	0.708955223880597	0.396353
0.2	0.75	0.365671641791045	0.752226
0.2	0.5	0.406716417910448	0.722954
0.72	0.833333333333333	0.526119402985075	0.080352
0.44	0.916666666666667	0.264925373134328	0.637037
0.52	0.333333333333333	0.436567164179104	0.464497
0.28	0.666666666666667	0.235074626865672	0.668868
1	0.25	0.455223880597015	0.599005
0.56	0.5	0.451492537313433	0.249745
0.32	0.666666666666667	0.272388059701493	0.597575
0.56	0.5	0.212686567164179	0.742883
0.84	0.333333333333333	0.451492537313433	0.322980
0.64	0.5	0.343283582089552	0.597575
0.8	0.333333333333333	0.51865671641791	0.404163
0.6	0.416666666666667	0.391791044776119	0.399260
0.48	0.333333333333333	0.5	0.989932
0.76	0.25	0.720149253731343	0.454945
0.44	0.75	0.399253731343284	0.181629
0.72	0.166666666666667	0.656716417910448	0.670370
0.2	0.666666666666667	0.436567164179104	0.543976
0.44	0.5	0.335820895522388	0.867107
0.84	0.25	0.634328358208955	0.404163
0.6	0.333333333333333	0.555970149253731	0.419576
0.72	0.416666666666667	0.317164179104478	0.597575
0.72	0.0833333333333333	0.619402985074627	0.722954
0.52	0.666666666666667	0.57089552238806	0.080151
0.44	0.416666666666667	0.559701492537313	0.327899
0.6	0.5	0.485074626865672	0.217471
0.56	0.25	0.529850746268657	0.467800
0.84	0.333333333333333	0.563432835820896	0.241056
0.32	0.833333333333333	0.582089552238806	0.204772
0.44	0.5	0.529850746268657	0.336741
0.24	0.5	0.399253731343284	0.989932
0.76	0.333333333333333	0.638059701492537	0.336516
0.32	0.583333333333333	0.395522388059701	0.671837
0.36	0.416666666666667	0.380597014925373	0.597575
0.16	0.666666666666667	0.436567164179104	0.844689
0.44	0.5	0.51865671641791	0.399260
0.84	0.416666666666667	0.417910447761194	0.357943
0.76	0.25	0.395522388059701	0.632075
0.48	0.666666666666667	0.235074626865672	0.249745
0.2	0.583333333333333	0.406716417910448	0.706212
0.36	0.583333333333333	0.402985074626866	0.543976
0.8	0.5	0.649253731343284	0.204772
0.56	0.416666666666667	0.302238805970149	0.818638
0.36	0.5	0.376865671641791	0.548054
			
0.36	0.5	0.466417910447761	0.649733
0.6	0.0833333333333333	0.597014925373134	0.923092
0.56	0.166666666666667	0.604477611940298	0.688372
0.52	0.416666666666667	0.630597014925373	0.337208
0.76	0.833333333333333	0.335820895522388	0.561920
0.72	0.25	0.574626865671642	0.548054
0.8	0.5	0.470149253731343	0.249745
0.76	0.583333333333333	0.567164179104478	0.224854
0.48	0.75	0.48134328358209	0.249745
0.76	0.166666666666667	0.477611940298507	0.722954
0.72	0.666666666666667	0.697761194029851	0.110506
0.36	0.5	0.399253731343284	0.706212
0.52	0.166666666666667	0.5	0.782902
0.84	0.416666666666667	0.287313432835821	0.399260
0.76	0.583333333333333	0.585820895522388	0.184439
0.36	0.583333333333333	0.190298507462687	0.597575
1	0.25	0.432835820895522	0.632075
0.36	0.416666666666667	0.522388059701493	0.782902
0.6	0.5	0.324626865671642	0.893838
0.84	0.166666666666667	0.735074626865672	0.404163
0.4	0.5	0.440298507462687	0.336741
1	0.25	0.455223880597015	0.548054
0.52	0.25	0.358208955223881	0.668868
0.72	0.75	0.533582089552239	0.181629
0.84	0.25	0.552238805970149	0.306964
0.72	0.75	0.466417910447761	0.249745
0.36	0.666666666666667	0.548507462686567	0.322980
0.24	0.666666666666667	0.414179104477612	0.337208
0.76	0.166666666666667	0.776119402985075	0.604015
0.76	0.0833333333333333	0.611940298507463	0.654606
0.72	0.333333333333333	0.33955223880597	0.597575
0.52	0.75	0.507462686567164	0.217471
0.28	0.833333333333333	0.664179104477612	0.163637
0.72	0.166666666666667	0.526119402985075	0.654606
0.56	0.416666666666667	0.33955223880597	0.336741
0.56	0.333333333333333	0.440298507462687	0.261824
1	0.0833333333333333	0.604477611940298	0.670370
0.52	0.25	0.712686567164179	0.654606
0.56	0.333333333333333	0.496268656716418	0.241056
0.72	0.166666666666667	0.638059701492537	0.620729
0.72	0.166666666666667	0.440298507462687	0.723651
0.84	0.416666666666667	0.294776119402985	0.357943
0.36	0.5	0.440298507462687	0.668868
0.84	0.333333333333333	0.432835820895522	0.322980
0.4	0.666666666666667	0.563432835820896	0.118024
0.8	0.5	0.477611940298507	0.204772
0.48	0.75	0.388059701492537	0.477219
0.68	0.833333333333333	0.384328358208955	0.249745
0.44	0.833333333333333	0.369402985074627	0.393930
0.6	0.25	0.716417910447761	0.624781
0.8	0.5	0.328358208955224	0.399260
0.36	0.583333333333333	0.432835820895522	0.520301
0.52	0.416666666666667	0.447761194029851	0.366822
0.48	0.166666666666667	0.705223880597015	0.709334
0.32	0.583333333333333	0.335820895522388	0.706212
0.4	0.166666666666667	0.414179104477612	0.923092
0.2	0.583333333333333	0.5	0.668868
0.72	0.166666666666667	0.399253731343284	0.782242
0.32	0.583333333333333	0.395522388059701	0.684971
0.32	0.5	0.485074626865672	0.794166
0.36	0.5	0.522388059701493	0.594962
0.48	0.333333333333333	0.421641791044776	0.652119
0.72	0.583333333333333	0.686567164179104	0.125263
0.68	0.25	0.649253731343284	0.660084
0.44	0.583333333333333	0.634328358208955	0.262760
0.44	0.5	0.425373134328358	0.399260
0.52	0.583333333333333	0.455223880597015	0.322980
0.2	0.833333333333333	0.417910447761194	0.986887
0.44	0.416666666666667	0.444029850746269	0.869457
0.44	0.5	0.667910447761194	0.250091
0.2	0.583333333333333	0.432835820895522	0.706212
0.32	0.666666666666667	0.354477611940298	0.571734
0.2	0.5	0.533582089552239	0.782902
0.48	0.416666666666667	0.361940298507463	0.601660
			
0.8	0.5	0.522388059701493	0.204772
0.72	0.0833333333333333	0.619402985074627	0.836501
0.28	0.666666666666667	0.216417910447761	0.336741
0.52	0.166666666666667	0.477611940298507	0.620729
0.56	0.916666666666667	0.559701492537313	0.080352
0.36	0.416666666666667	0.399253731343284	0.597575
0.84	0.333333333333333	0.544776119402985	0.224854
0.76	0.166666666666667	0.720149253731343	0.615381
0.52	0.25	0.350746268656716	0.706212
0.28	0.583333333333333	0.287313432835821	0.461799
0.6	0.416666666666667	0.235074626865672	0.399260
0.24	0.5	0.492537313432836	0.989932
0.48	0.25	0.388059701492537	0.491207
0.2	0.666666666666667	0.421641791044776	0.597575
0.76	0.166666666666667	0.735074626865672	0.611019
0.44	0.5	0.309701492537313	0.399260
0.72	0.75	0.671641791044776	0.002152
0.84	0.25	0.533582089552239	0.268181
0.52	0.333333333333333	0.294776119402985	0.562128
0.76	0.0833333333333333	0.694029850746269	0.620729
0.56	0.416666666666667	0.507462686567164	0.293966
0.84	0.166666666666667	0.600746268656716	0.404163
0.48	0.5	0.305970149253731	0.470197
0.36	0.25	0.488805970149254	0.620729
0.52	0.416666666666667	0.369402985074627	0.391768
0.48	0.75	0.455223880597015	0.159922
0.8	0.333333333333333	0.738805970149254	0.262760
0.48	0.5	0.470149253731343	0.248287
0.48	0.666666666666667	0.395522388059701	0.293966
0.72	0.75	0.574626865671642	0.134757
0.64	0.5	0.544776119402985	0.244860
0.76	0.416666666666667	0.395522388059701	0.391768
0.52	0.583333333333333	0.332089552238806	0.172387
0.36	0.5	0.388059701492537	0.671837
0.52	1	0.432835820895522	0.080352
0.76	0.333333333333333	0.638059701492537	0.336516
0.52	0.25	0.358208955223881	0.668868
0.72	0.666666666666667	0.541044776119403	0.155713
0.84	0.25	0.492537313432836	0.306964
0.84	0.333333333333333	0.492537313432836	0.282565
0.32	0.5	0.656716417910448	0.604015
0.48	0.583333333333333	0.462686567164179	0.261824
0.56	0.416666666666667	0.406716417910448	0.336741
0.8	0.416666666666667	0.649253731343284	0.078745
0.36	0.666666666666667	0.608208955223881	0.282360
0.48	0.333333333333333	0.287313432835821	0.731088
0.2	0.583333333333333	0.511194029850746	0.671837
0.52	0.5	0.548507462686567	0.168688
0.72	0.583333333333333	0.541044776119403	0.167028
0.24	0.75	0.25	0.181629
0.68	0.333333333333333	0.440298507462687	0.347997
0.56	0.416666666666667	0.25	0.485208
0.52	0.166666666666667	0.440298507462687	0.782902
0.8	0.333333333333333	0.626865671641791	0.329295
0.84	0.333333333333333	0.559701492537313	0.220046
0.56	0.5	0.227611940298507	0.306860
0.52	0.166666666666667	0.458955223880597	0.670370
			
0.64	0.5	0.578358208955224	0.176871
0.76	0.666666666666667	0.567164179104478	0.136630
0.8	0.416666666666667	0.511194029850746	0.176871
0.32	0.583333333333333	0.276119402985075	0.706212
0.16	0.75	0.343283582089552	0.709874
0.52	0.416666666666667	0.447761194029851	0.337208
0.44	0.75	0.529850746268657	0.134757
0.32	0.583333333333333	0.309701492537313	0.649733
0.28	0.666666666666667	0.220149253731343	0.471213
0.64	0.5	0.567164179104478	0.181629
0.84	0.333333333333333	0.544776119402985	0.322980
0.8	0.5	0.541044776119403	0.134757
0.48	0.416666666666667	0.373134328358209	0.399789
0.32	0.333333333333333	0.350746268656716	0.405316
0.76	0.5	0.417910447761194	0.176871
0.72	0.0833333333333333	0.623134328358209	0.670370
0.6	0.416666666666667	0.194029850746269	0.336741
0.72	0.583333333333333	0.350746268656716	0.272317
0.2	0.5	0.384328358208955	0.670370
0.76	0.333333333333333	0.324626865671642	0.597575
0.28	0.75	0.197761194029851	0.601489
0.56	0.416666666666667	0.488805970149254	0.315482
0.84	0.416666666666667	0.544776119402985	0.136630
0.68	0.25	0.57089552238806	0.620729
0.76	0.5	0.414179104477612	0.180117
0.48	0.5	0.552238805970149	0.384674
0.44	0.25	0.354477611940298	0.751630
0.56	0.416666666666667	0.242537313432836	0.516005
0.8	0.333333333333333	0.552238805970149	0.167028
0.76	0.25	0.350746268656716	0.548054
0.36	0.25	0.458955223880597	0.709334
0.64	0.5	0.585820895522388	0.110506
0.48	0.666666666666667	0.42910447761194	0.336741
0.48	0.583333333333333	0.462686567164179	0.163698
0.52	0.166666666666667	0.444029850746269	0.670370
0.68	0.166666666666667	0.723880597014925	0.620729
0.72	0.25	0.600746268656716	0.513728
0.28	0.666666666666667	0.205223880597015	0.543602
0.24	0.583333333333333	0.58955223880597	0.379867
0.8	0.583333333333333	0.544776119402985	0.039494
0.56	0.5	0.220149253731343	0.637037
0.72	0.75	0.451492537313433	0.136630
0.32	0.583333333333333	0.317164179104478	0.611319
0.44	0.5	0.51865671641791	0.399260
0.84	0.333333333333333	0.511194029850746	0.387778
0.2	0.583333333333333	0.41044776119403	0.548054
0.76	0.5	0.552238805970149	0.156828
0.6	0.416666666666667	0.23134328358209	0.315482
0.16	0.666666666666667	0.402985074626866	0.844689
0.32	0.75	0.488805970149254	0.336741
0.52	0.0833333333333333	0.414179104477612	0.709334
1	0.166666666666667	0.757462686567164	0.570565
0.4	0.5	0.32089552238806	0.709874
0.72	0.25	0.615671641791045	0.464497
1	0.25	0.701492537313433	0.448258
0.8	0.416666666666667	0.552238805970149	0.110506
			
0.84	0.25	0.652985074626866	0.404163
0.6	0.416666666666667	0.485074626865672	0.399260
0.76	0.25	0.638059701492537	0.548054
0.52	0.166666666666667	0.440298507462687	0.836501
0.52	0.333333333333333	0.208955223880597	0.821904
0.76	0.25	0.604477611940298	0.632075
0.52	0.583333333333333	0.514925373134328	0.224854
0.68	0.833333333333333	0.406716417910448	0.204772
0.72	0.25	0.652985074626866	0.645326
0.52	0.333333333333333	0.376865671641791	0.605577
0.72	0.166666666666667	0.574626865671642	0.722954
1	0.25	0.455223880597015	0.548054
0.6	0.25	0.73134328358209	0.670370
0.84	0.416666666666667	0.440298507462687	0.399260
1	0.166666666666667	0.757462686567164	0.570565
0.56	0.333333333333333	0.522388059701493	0.481691
0.52	0.333333333333333	0.380597014925373	0.597575
1	0.25	0.432835820895522	0.632075
0.72	0.25	0.41044776119403	0.722954
0.72	0.0833333333333333	0.597014925373134	0.670370
0.36	0.333333333333333	0.436567164179104	0.797144
0.56	0.25	0.444029850746269	0.777511
0.4	0.416666666666667	0.507462686567164	0.461799
0.6	0.416666666666667	0.522388059701493	0.381199
0.2	0.75	0.376865671641791	0.742883
0.84	0.25	0.5	0.481691
0.72	0.25	0.597014925373134	0.649733
0.64	0.583333333333333	0.544776119402985	0.204772
0.8	0.416666666666667	0.51865671641791	0.133051
0.84	0.416666666666667	0.451492537313433	0.357943
0.6	0.333333333333333	0.492537313432836	0.387778
0.84	0.25	0.634328358208955	0.404163
0.72	0.25	0.526119402985075	0.706212
0.52	0.25	0.376865671641791	0.797144
0.76	0.416666666666667	0.611940298507463	0.329295
0.56	0.416666666666667	0.708955223880597	0.448479
0.6	0.416666666666667	0.414179104477612	0.475014
0.32	0.5	0.16044776119403	0.249745
0.48	0.666666666666667	0.488805970149254	0.133051
0.48	0.416666666666667	0.291044776119403	0.477219
0.2	0.666666666666667	0.436567164179104	0.597575
0.6	0.5	0.485074626865672	0.217471
0.84	0.416666666666667	0.473880597014925	0.336741
0.48	0.75	0.458955223880597	0.204772
0.6	0.416666666666667	0.477611940298507	0.415135
0.4	0.333333333333333	0.399253731343284	0.737704
0.24	0.75	0.123134328358209	0.249745
0.72	0.666666666666667	0.548507462686567	0.113947
0.72	0.416666666666667	0.283582089552239	0.684166
0.68	0.25	0.503731343283582	0.722954
0.8	0.333333333333333	0.638059701492537	0.125263
0.8	0.5	0.492537313432836	0.204772
0.2	0.583333333333333	0.406716417910448	0.706212
			
0.84	0.25	0.552238805970149	0.306964
0.36	0.583333333333333	0.402985074626866	0.597575
0.44	0.583333333333333	0.444029850746269	0.404163
0.76	0.166666666666667	0.720149253731343	0.670370
0.68	0.75	0.406716417910448	0.176871
0.84	0.333333333333333	0.559701492537313	0.224854
0.2	0.75	0.41044776119403	0.742883
0.88	0.666666666666667	0.190298507462687	0.561920
0.52	0.666666666666667	0.507462686567164	0.399260
1	0.166666666666667	0.664179104477612	0.670370
1	0.166666666666667	0.738805970149254	0.570565
0.2	0.666666666666667	0.350746268656716	0.989932
0.36	0.5	0.492537313432836	0.671837
0.52	0.583333333333333	0.514925373134328	0.322980
0.8	0.416666666666667	0.649253731343284	0.176871
0.76	0.25	0.537313432835821	0.632075
0.52	0.0833333333333333	0.440298507462687	0.722954
1	0.25	0.447761194029851	0.632075
0.2	0.666666666666667	0.444029850746269	0.871369
0.76	0.166666666666667	0.727611940298508	0.658669
0.16	0.833333333333333	0.473880597014925	0.470197
0.56	0.5	0.223880597014925	0.249745
0.84	0.333333333333333	0.451492537313433	0.322980
0.52	0.25	0.641791044776119	0.671837
0.84	0.333333333333333	0.552238805970149	0.261824
0.72	0.25	0.57089552238806	0.668868
0.76	0.0833333333333333	0.664179104477612	0.709334
0.44	0.833333333333333	0.361940298507463	0.249745
0.16	0.833333333333333	0.302238805970149	0.742883
0.84	0.416666666666667	0.287313432835821	0.399260
0.52	0.25	0.350746268656716	0.706212
0.32	0.583333333333333	0.343283582089552	0.722954
0.84	0.333333333333333	0.537313432835821	0.282565
0.84	0.25	0.559701492537313	0.268181
0.6	0.333333333333333	0.466417910447761	0.322980
0.32	0.666666666666667	0.335820895522388	0.862399
0.68	0.833333333333333	0.365671641791045	0.181629
0.64	0.5	0.567164179104478	0.181629
0.36	0.5	0.347014925373134	0.706212
0.24	0.416666666666667	0.417910447761194	0.939933
0.48	0.75	0.48134328358209	0.217471
0.68	0.916666666666667	0.399253731343284	0.080352
0.48	0.333333333333333	0.626865671641791	0.654606
0.8	0.333333333333333	0.656716417910448	0.167028
0.32	0.75	0.328358208955224	0.470197
0.64	0.5	0.656716417910448	0.176871
0.28	0.666666666666667	0.488805970149254	0.404163
0.32	0.666666666666667	0.361940298507463	0.720125
0.76	0.666666666666667	0.567164179104478	0.136630
0.32	0.75	0.537313432835821	0.181629
0.4	0.666666666666667	0.395522388059701	0.597575
0.72	0.416666666666667	0.283582089552239	0.684166
1	0.166666666666667	0.712686567164179	0.620729
0.12	0.583333333333333	0.485074626865672	0.746337
0.36	0.166666666666667	0.343283582089552	0.722954
0.68	0.333333333333333	0.559701492537313	0.306964
0.72	0.333333333333333	0.324626865671642	0.597575
1	0.166666666666667	0.671641791044776	0.658669
0.76	0.25	0.559701492537313	0.548054
0.68	0.75	0.440298507462687	0.133051
0.36	0.666666666666667	0.399253731343284	0.692111
0.8	0.416666666666667	0.458955223880597	0.224997
0.56	0.416666666666667	0.343283582089552	0.709874
0.52	0.333333333333333	0.347014925373134	0.597575
			
0.6	0.5	0.470149253731343	0.217471
0.84	0.25	0.485074626865672	0.306964
0.72	0.666666666666667	0.305970149253731	0.176871
0.16	0.75	0.313432835820896	0.477219
0.48	0.25	0.496268656716418	0.989932
0.72	0.0833333333333333	0.619402985074627	0.782902
0.6	0.333333333333333	0.51865671641791	0.387778
0.2	0.666666666666667	0.402985074626866	0.597575
0.76	0.333333333333333	0.369402985074627	0.684166
0.72	0.0833333333333333	0.593283582089552	0.836501
0.84	0.333333333333333	0.555970149253731	0.224854
0.44	0.75	0.574626865671642	0.181629
1	0.0833333333333333	0.723880597014925	0.670370
0.76	0.583333333333333	0.317164179104478	0.249745
0.16	0.75	0.421641791044776	0.399867
0.84	0.25	0.492537313432836	0.268181
0.36	0.333333333333333	0.455223880597015	0.836501
0.24	0.5	0.458955223880597	0.989932
0.96	0.333333333333333	0.328358208955224	0.632075
0.8	0.416666666666667	0.697761194029851	0.159042
0.52	0.166666666666667	0.402985074626866	0.722954
0.48	0.75	0.473880597014925	0.249745
0.52	0.333333333333333	0.705223880597015	0.448251
0.56	0.75	0.33955223880597	0.176871
0.48	0.666666666666667	0.462686567164179	0.293966
1	0.25	0.462686567164179	0.513728
1	0.0833333333333333	0.694029850746269	0.722954
0.56	0.666666666666667	0.772388059701493	0.262760
0.48	0.75	0.496268656716418	0.159922
0.8	0.416666666666667	0.511194029850746	0.176871
0.68	0.333333333333333	0.611940298507463	0.306964
0.84	0.333333333333333	0.444029850746269	0.387778
0.84	0.333333333333333	0.559701492537313	0.220046
0.84	0.166666666666667	0.567164179104478	0.385876
0.56	0.25	0.574626865671642	0.543976
0.76	0.25	0.395522388059701	0.632075
0.76	0.583333333333333	0.384328358208955	0.204772
0.56	0.416666666666667	0.473880597014925	0.336741
0.72	0.25	0.623134328358209	0.464497
0.52	0.25	0.417910447761194	0.671837
0.72	0.25	0.615671641791045	0.512785
0.6	0.416666666666667	0.477611940298507	0.198457
0.76	0.166666666666667	0.720149253731343	0.570565
0.32	0.416666666666667	0.227611940298507	0.337208
0.52	0.25	0.667910447761194	0.448251
0.2	0.666666666666667	0.399253731343284	0.632845
0.44	0.333333333333333	0.406716417910448	0.869457
0.48	0.583333333333333	0.503731343283582	0.327899
0.64	0.916666666666667	0.279850746268657	0.249745
0.56	0.75	0.712686567164179	0.133051
0.52	0.25	0.373134328358209	0.832315
0.36	0.75	0.298507462686567	0.336741
0.76	0.25	0.402985074626866	0.599005
0.4	0.333333333333333	0.537313432835821	0.678374
0.84	0.25	0.574626865671642	0.206219
0.32	0.75	0.496268656716418	0.293966
0.84	0.333333333333333	0.578358208955224	0.113298
0.72	0.166666666666667	0.544776119402985	0.670370
1	0.166666666666667	0.51865671641791	0.670370
0.24	0.583333333333333	0.485074626865672	0.814793
0.52	0.916666666666667	0.432835820895522	0.249745
			
0.36	0.666666666666667	0.555970149253731	0.282565
0.44	0.833333333333333	0.455223880597015	0.250378
0.32	0.583333333333333	0.369402985074627	0.684971
0.12	0.5	0.477611940298507	0.654606
0.72	0.166666666666667	0.656716417910448	0.615381
0.44	0.833333333333333	0.485074626865672	0.231259
0.32	0.5	0.458955223880597	0.794166
0.84	0.25	0.634328358208955	0.404163
0.44	0.75	0.347014925373134	0.336741
0.48	0.583333333333333	0.455223880597015	0.491060
0.36	0.416666666666667	0.380597014925373	0.597575
0.44	0.5	0.51865671641791	0.399260
0.72	0.833333333333333	0.451492537313433	0.179416
0.48	0.75	0.447761194029851	0.181629
0.52	0.333333333333333	0.332089552238806	0.597575
0.48	0.666666666666667	0.477611940298507	0.110506
0.2	0.583333333333333	0.440298507462687	0.706212
0.76	0.666666666666667	0.309701492537313	0.399260
0.52	0.25	0.384328358208955	0.706212
0.52	0.25	0.73134328358209	0.654606
0.32	0.416666666666667	0.697761194029851	0.604015
0.16	0.75	0.343283582089552	0.758825
0.72	0.0833333333333333	0.619402985074627	0.836501
0.36	0.333333333333333	0.42910447761194	0.836501
0.68	0.416666666666667	0.552238805970149	0.261824
0.64	0.666666666666667	0.470149253731343	0.120735
0.48	0.583333333333333	0.462686567164179	0.261824
0.24	0.5	0.458955223880597	0.989932
0.84	0.416666666666667	0.503731343283582	0.399260
0.48	0.666666666666667	0.455223880597015	0.336741
0.84	0.333333333333333	0.51865671641791	0.261824
0.52	0.5	0.376865671641791	0.181629
0.32	0.5	0.697761194029851	0.601873
0.76	0.25	0.533582089552239	0.632075
0.52	0.166666666666667	0.477611940298507	0.670370
0.6	0.25	0.541044776119403	0.481691
0.76	0.166666666666667	0.720149253731343	0.570565
0.32	0.75	0.503731343283582	0.181629
0.28	0.833333333333333	0.380597014925373	0.336741
0.52	0.416666666666667	0.32089552238806	0.877368
0.48	0.25	0.444029850746269	0.939933
0.84	0.25	0.559701492537313	0.404163
0.44	0.75	0.33955223880597	0.514536
1	0.0833333333333333	0.723880597014925	0.515584
0.48	0.25	0.470149253731343	0.934939
0.44	0.333333333333333	0.593283582089552	0.404163
0.56	0.666666666666667	0.656716417910448	0.099374
0.96	0.5	0.317164179104478	0.774929
0.32	0.666666666666667	0.332089552238806	0.571734
0.36	0.5	0.376865671641791	0.706212
0.36	0.25	0.511194029850746	0.779138
0.36	0.583333333333333	0.406716417910448	0.520301
0.36	0.583333333333333	0.167910447761194	0.597575
0.48	0.666666666666667	0.421641791044776	0.514536
0.72	0.75	0.32089552238806	0.399260
0.2	0.833333333333333	0.5	0.520301
0.36	0.5	0.373134328358209	0.869457
0.52	0.166666666666667	0.41044776119403	0.671837
			
0.6	0.416666666666667	0.317164179104478	0.620401
0.16	0.5	0.563432835820896	0.871585
0.48	0.666666666666667	0.455223880597015	0.336741
0.72	0.0833333333333333	0.619402985074627	0.836501
0.68	0.333333333333333	0.48134328358209	0.462104
0.36	0.5	0.347014925373134	0.706212
1	0.25	0.462686567164179	0.513728
0.56	0.333333333333333	0.5	0.481691
0.6	0.333333333333333	0.317164179104478	0.709909
0.48	0.75	0.264925373134328	0.249745
1	0.166666666666667	0.791044776119403	0.570565
0.56	0.666666666666667	0.305970149253731	0.684166
0.8	0.5	0.503731343283582	0.249745
0.36	0.666666666666667	0.343283582089552	0.742883
0.56	0.833333333333333	0.227611940298507	0.399260
0.56	0.666666666666667	0.313432835820896	0.650096
0.4	0.75	0.33955223880597	0.684166
0.44	0.416666666666667	0.436567164179104	0.989932
0.76	0.333333333333333	0.66044776119403	0.336516
0.36	0.5	0.761194029850746	0.601873
0.72	0.666666666666667	0.623134328358209	0.084225
0.48	0.25	0.470149253731343	0.939933
0.4	0.416666666666667	0.511194029850746	0.481691
0.56	0.666666666666667	0.33955223880597	0.597575
0.44	0.5	0.690298507462687	0.454945
0.48	0.25	0.458955223880597	0.989932
0.6	0.25	0.399253731343284	0.869457
0.52	0.666666666666667	0.522388059701493	0.099286
0.44	0.5	0.350746268656716	0.620401
0.36	0.583333333333333	0.369402985074627	0.597575
0.36	0.416666666666667	0.664179104477612	0.654606
0.36	0.583333333333333	0.402985074626866	0.543976
0.68	0.25	0.559701492537313	0.404163
0.56	0.416666666666667	0.335820895522388	0.871369
0.44	0.416666666666667	0.444029850746269	0.822716
0.56	0.416666666666667	0.354477611940298	0.594719
0.8	0.5	0.194029850746269	0.399260
0.32	0.833333333333333	0.298507462686567	0.249745
0.48	0.5	0.466417910447761	0.596600
0.52	0.166666666666667	0.440298507462687	0.836501
0.2	0.583333333333333	0.432835820895522	0.543976
0.72	0.5	0.395522388059701	0.561920
0.68	0.583333333333333	0.294776119402985	0.561920
0.36	0.583333333333333	0.507462686567164	0.481691
0.72	0.25	0.42910447761194	0.671837
0.48	0.416666666666667	0.432835820895522	0.867107
0.76	0.0833333333333333	0.697761194029851	0.670370
0.56	0.166666666666667	0.738805970149254	0.604015
0.72	0.333333333333333	0.33955223880597	0.597575
0.6	0.25	0.694029850746269	0.548054
0.16	0.333333333333333	0.473880597014925	0.923092
0.56	0.416666666666667	0.343283582089552	0.709874
0.68	0.25	0.630597014925373	0.385876
0.68	0.25	0.526119402985075	0.596600
0.52	0.416666666666667	0.414179104477612	0.384927
0.84	0.25	0.514925373134328	0.404163
0.6	0.416666666666667	0.309701492537313	0.752226
0.52	0.166666666666667	0.447761194029851	0.722954
0.52	0.583333333333333	0.492537313432836	0.322980
0.68	0.416666666666667	0.462686567164179	0.376838
0.44	0.5	0.384328358208955	0.603426
0.8	0.416666666666667	0.511194029850746	0.176871
0.56	0.583333333333333	0.347014925373134	0.548054
0.6	0.333333333333333	0.324626865671642	0.677746
0.52	0.166666666666667	0.477611940298507	0.670370
0.36	0.333333333333333	0.682835820895522	0.654606
0.48	0.333333333333333	0.555970149253731	0.867107
1	0.25	0.436567164179104	0.548054
0.72	0.416666666666667	0.283582089552239	0.684166
			
0.36	0.5	0.458955223880597	0.671837
0.6	0.416666666666667	0.574626865671642	0.296845
0.52	0.75	0.507462686567164	0.217471
0.32	0.833333333333333	0.507462686567164	0.249745
0.44	0.5	0.51865671641791	0.399260
0.52	0.166666666666667	0.473880597014925	0.782902
0.2	0.666666666666667	0.440298507462687	0.520301
0.56	0.5	0.492537313432836	0.306860
0.52	0.333333333333333	0.380597014925373	0.597575
0.24	0.5	0.458955223880597	0.989932
0.2	0.666666666666667	0.201492537313433	0.597575
0.76	0.583333333333333	0.563432835820896	0.241056
0.56	0.416666666666667	0.600746268656716	0.336516
0.6	0.416666666666667	0.391791044776119	0.399260
0.36	0.583333333333333	0.41044776119403	0.543976
0.76	0.0833333333333333	0.686567164179104	0.670370
0.48	0.666666666666667	0.462686567164179	0.293966
0.48	0.416666666666667	0.473880597014925	0.779347
0.76	0.333333333333333	0.608208955223881	0.441270
0.76	0.333333333333333	0.664179104477612	0.358453
0.68	0.333333333333333	0.645522388059702	0.404163
0.52	0.333333333333333	0.470149253731343	0.457194
0.76	0.666666666666667	0.451492537313433	0.315482
0.72	0.166666666666667	0.656716417910448	0.555381
0.68	0.5	0.578358208955224	0.037344
0.76	0.583333333333333	0.473880597014925	0.322980
0.52	0.333333333333333	0.451492537313433	0.512785
0.72	0.166666666666667	0.630597014925373	0.655634
0.84	0.416666666666667	0.552238805970149	0.293966
0.52	0.166666666666667	0.444029850746269	0.836501
0.24	0.583333333333333	0.544776119402985	0.939933
0.72	0.416666666666667	0.701492537313433	0.287340
0.36	0.583333333333333	0.324626865671642	0.597575
0.84	0.333333333333333	0.503731343283582	0.327899
0.52	0.583333333333333	0.514925373134328	0.322980
0.28	0.666666666666667	0.25	0.336741
0.48	0.75	0.526119402985075	0.154754
0.52	0.166666666666667	0.485074626865672	0.670370
0.48	0.5	0.305970149253731	0.470197
0.56	0.416666666666667	0.432835820895522	0.336741
0.4	0.416666666666667	0.462686567164179	0.989932
0.32	0.583333333333333	0.276119402985075	0.706212
0.36	0.5	0.343283582089552	0.706212
0.76	0.583333333333333	0.57089552238806	0.198788
0.48	0.583333333333333	0.369402985074627	0.327899
0.32	0.833333333333333	0.514925373134328	0.204772
0.76	0.333333333333333	0.376865671641791	0.650096
0.76	0.0833333333333333	0.675373134328358	0.782902
0.6	0.333333333333333	0.436567164179104	0.548054
1	0.166666666666667	0.757462686567164	0.475808
0.76	0.166666666666667	0.664179104477612	0.512785
0.52	0.25	0.477611940298507	0.454945
0.56	0.5	0.526119402985075	0.250378
0.84	0.5	0.544776119402985	0.159922
0.68	0.5	0.585820895522388	0.000000
0.76	0.333333333333333	0.615671641791045	0.416014
0.36	0.25	0.485074626865672	0.782902
0.76	0.25	0.671641791044776	0.304138
0.8	0.25	0.522388059701493	0.404163
0.52	0.583333333333333	0.597014925373134	0.172387
0.76	0.333333333333333	0.350746268656716	0.684166
0.72	0.833333333333333	0.473880597014925	0.272182
0.52	0.25	0.350746268656716	0.706212
0.8	0.416666666666667	0.42910447761194	0.322980
0.6	0.416666666666667	0.32089552238806	0.742883
0.84	0.333333333333333	0.451492537313433	0.387778
0.32	0.583333333333333	0.597014925373134	0.552897
			
0.44	0.75	0.399253731343284	0.181629
1	0.166666666666667	1	0.570565
0.16	0.833333333333333	0.328358208955224	0.470197
0.52	0.5	0.376865671641791	0.181629
0.36	0.25	0.511194029850746	0.836501
0.32	0.5	0.376865671641791	0.537655
0.48	0.166666666666667	0.671641791044776	0.764803
0.76	0.416666666666667	0.388059701492537	0.473433
0.2	0.5	0.406716417910448	0.722954
0.76	0.25	0.447761194029851	0.632075
0.72	0.0833333333333333	0.619402985074627	0.836501
0.32	0.583333333333333	0.279850746268657	0.548054
0.2	0.5	0.470149253731343	0.670370
0.56	0.25	0.488805970149254	0.481691
0.72	0.75	0.305970149253731	0.181629
0.52	0.166666666666667	0.444029850746269	0.670370
0.48	0.666666666666667	0.514925373134328	0.176871
1	0.166666666666667	0.578358208955224	0.620729
0.52	0.25	0.350746268656716	0.706212
0.56	0.416666666666667	0.522388059701493	0.296845
0.72	0.833333333333333	0.548507462686567	0.018526
1	0.25	0.67910447761194	0.384697
0.44	0.666666666666667	0.406716417910448	0.180117
0.32	0.583333333333333	0.41044776119403	0.387855
0.84	0.333333333333333	0.458955223880597	0.282565
0.28	0.583333333333333	0.287313432835821	0.481691
0.16	0.666666666666667	0.313432835820896	0.548054
0.72	0.166666666666667	0.656716417910448	0.620729
0.2	0.583333333333333	0.395522388059701	0.722954
0.72	0.416666666666667	0.402985074626866	0.477219
0.72	0.75	0.264925373134328	0.249745
0.36	0.333333333333333	0.283582089552239	0.481691
0.8	0.333333333333333	0.567164179104478	0.262760
0.52	0.25	0.436567164179104	0.671837
0.36	0.583333333333333	0.41044776119403	0.181629
0.24	0.666666666666667	0.33955223880597	0.337208
0.72	0.166666666666667	0.395522388059701	0.671837
0.76	0.416666666666667	0.395522388059701	0.391768
0.12	0.666666666666667	0.317164179104478	0.481691
0.56	0.333333333333333	0.548507462686567	0.329295
0.36	0.5	0.466417910447761	0.454945
0.84	0.25	0.343283582089552	0.481691
0.72	0.25	0.541044776119403	0.448258
0.4	0.833333333333333	0.279850746268657	0.181629
1	0.0833333333333333	0.503731343283582	0.670370
0.52	0.416666666666667	0.466417910447761	0.315698
0.44	0.75	0.406716417910448	0.134757
			
0.8	0.583333333333333	0.350746268656716	0.632075
0.36	0.75	0.541044776119403	0.399260
0.72	0.25	0.567164179104478	0.448258
0.68	0.333333333333333	0.477611940298507	0.319234
0.52	0.166666666666667	0.440298507462687	0.782902
0.64	0.25	0.414179104477612	0.939933
0.2	0.583333333333333	0.440298507462687	0.706212
0.48	0.666666666666667	0.421641791044776	0.399260
0.16	0.5	0.462686567164179	0.871585
0.36	0.666666666666667	0.548507462686567	0.322980
0.36	0.583333333333333	0.41044776119403	0.562128
0.2	0.666666666666667	0.425373134328358	0.999741
0.48	0.25	0.436567164179104	0.939933
0.72	0.25	0.425373134328358	0.764103
0.48	0.333333333333333	0.399253731343284	0.709124
0.44	0.416666666666667	0.626865671641791	0.529359
0.48	0.25	0.649253731343284	0.654606
0.36	0.833333333333333	0.541044776119403	0.217471
0.32	0.833333333333333	0.574626865671642	0.249745
0.76	0.333333333333333	0.373134328358209	0.597575
0.44	0.5	0.51865671641791	0.399260
0.72	0.25	0.42910447761194	0.722954
0.36	0.5	0.223880597014925	0.722954
0.52	0.333333333333333	0.380597014925373	0.597575
0.44	0.666666666666667	0.485074626865672	0.543976
0.6	0.25	0.652985074626866	0.324795
0.56	0.416666666666667	0.335820895522388	0.871369
0.52	0.25	0.436567164179104	0.671837
0.68	0.5	0.328358208955224	0.684166
0.44	0.333333333333333	0.555970149253731	0.654606
0.32	0.833333333333333	0.582089552238806	0.204772
0.76	0.0833333333333333	0.742537313432836	0.604015
0.6	0.25	0.611940298507463	0.400641
0.32	0.416666666666667	0.414179104477612	0.844689
0.72	0.0833333333333333	0.623134328358209	0.775085
1	0.333333333333333	0.432835820895522	0.470197
0.96	0.333333333333333	0.328358208955224	0.632075
0.12	0.5	0.511194029850746	0.654606
0.4	0.75	0.33955223880597	0.684166
0.6	0.333333333333333	0.574626865671642	0.481691
0.44	0.416666666666667	0.421641791044776	0.818638
0.52	0.166666666666667	0.444029850746269	0.620729
0.4	0.833333333333333	0.466417910447761	0.561920
0.72	0.25	0.597014925373134	0.396353
0.72	0.25	0.574626865671642	0.413932
1	0.0833333333333333	0.73134328358209	0.721486
0.76	0.75	0.343283582089552	0.513512
0.76	0.166666666666667	0.652985074626866	0.601873
0.72	0.166666666666667	0.656716417910448	0.520923
0.16	0.416666666666667	0.440298507462687	0.923092
0.52	0.416666666666667	0.347014925373134	0.839576
0.36	0.333333333333333	0.447761194029851	0.671837
0.36	0.583333333333333	0.354477611940298	0.597575
0.52	0.416666666666667	0.354477611940298	0.069843
0.56	0.333333333333333	0.425373134328358	0.570565
0.44	0.416666666666667	0.41044776119403	0.822716
0.32	0.5	0.414179104477612	0.637149

