
22.0, 5.0, 968.0, 1000.0, 0.3633170470815502
13.0, 8.0, 961.0, 1000.0, 0.3698973107360769
24.0, 4.0, 1021.0, 1000.0, 0.35934399660956645
13.0, 7.0, 961.0, 1000.0, 0.37657885746782227
15.0, 7.0, 843.0, 1000.0, 0.3577255968850067
22.0, 4.0, 990.0, 1000.0, 0.36303265570399634
33.0, 3.0, 963.0, 1000.0, 0.37391442425094046
25.0, 5.0, 965.0, 1000.0, 0.36329216467174485
24.0, 5.0, 943.0, 1000.0, 0.3663199631804397
12.0, 8.0, 935.0, 1000.0, 0.37657885746782227
26.0, 3.0, 968.0, 1000.0, 0.3751690443346881
19.0, 6.0, 982.0, 1000.0, 0.36554715811847843
19.0, 6.0, 984.0, 1000.0, 0.3640622635212975
13.0, 8.0, 960.0, 1000.0, 0.3726744907930817
21.0, 3.0, 948.0, 1000.0, 0.37523672607986025
33.0, 3.0, 965.0, 1000.0, 0.3708947573298225
20.0, 5.0, 910.0, 1000.0, 0.3726744907930817
23.0, 5.0, 984.0, 1000.0, 0.3617629424511071
12.0, 9.0, 951.0, 1000.0, 0.3685839345200741
20.0, 6.0, 927.0, 1000.0, 0.3551694866011541
27.0, 2.0, 966.0, 1000.0, 0.3747241743280907
25.0, 3.0, 971.0, 1000.0, 0.3735066389292546
17.0, 6.0, 910.0, 1000.0, 0.3751690443346881
27.0, 2.0, 1038.0, 1000.0, 0.3717037622462423
21.0, 3.0, 906.0, 1000.0, 0.3771805669400994
22.0, 3.0, 974.0, 1000.0, 0.36850969724623656
26.0, 1.0, 1012.0, 1000.0, 0.3735066389292546
18.0, 5.0, 993.0, 1000.0, 0.36303265570399634
17.0, 4.0, 955.0, 1000.0, 0.37657885746782227
19.0, 3.0, 999.0, 1000.0, 0.3749210406462273
25.0, 4.0, 967.0, 1000.0, 0.3696610891167902
19.0, 6.0, 893.0, 1000.0, 0.36646607536468706
22.0, 3.0, 994.0, 1000.0, 0.36018608622324927
23.0, 5.0, 966.0, 1000.0, 0.36554715811847843
13.0, 8.0, 895.0, 1000.0, 0.37578654270757256
23.0, 4.0, 975.0, 1000.0, 0.36280569489460546
13.0, 8.0, 963.0, 1000.0, 0.3686437967903121
20.0, 4.0, 912.0, 1000.0, 0.3708947573298225
21.0, 2.0, 951.0, 1000.0, 0.3771805669400994
17.0, 4.0, 957.0, 1000.0, 0.37523672607986025
33.0, 4.0, 958.0, 1000.0, 0.37074818006637367
26.0, 1.0, 1010.0, 1000.0, 0.3752907339136473
25.0, 4.0, 973.0, 1000.0, 0.3690293062348618

12.0, 6.0, 985.0, 1000.0, 0.38437343808100616
22.0, 6.0, 964.0, 1000.0, 0.3601736779062922
27.0, 3.0, 951.0, 1000.0, 0.3727258852213706
27.0, 2.0, 1039.0, 1000.0, 0.3710688111349837
26.0, 2.0, 1024.0, 1000.0, 0.3717809077907962
20.0, 8.0, 972.0, 1000.0, 0.35755462277865346
20.0, 8.0, 980.0, 1000.0, 0.3551694866011541
21.0, 2.0, 951.0, 1000.0, 0.3752907339136473
19.0, 10.0, 940.0, 1000.0, 0.3601736779062922
26.0, 9.0, 923.0, 1000.0, 0.3601736779062922
17.0, 3.0, 954.0, 1000.0, 0.3752907339136473
22.0, 5.0, 997.0, 1000.0, 0.3542249702739747
15.0, 7.0, 1030.0, 1000.0, 0.3717978383155121
13.0, 8.0, 959.0, 1000.0, 0.38244581165993163
33.0, 1.0, 1031.0, 1000.0, 0.3752907339136473
14.0, 6.0, 975.0, 1000.0, 0.3867756066292396
15.0, 5.0, 975.0, 1000.0, 0.3786845909267359
19.0, 9.0, 942.0, 1000.0, 0.3599980871533308
21.0, 3.0, 906.0, 1000.0, 0.3771805669400994
16.0, 10.0, 975.0, 1000.0, 0.3601736779062922
20.0, 8.0, 963.0, 1000.0, 0.3599980871533308
15.0, 8.0, 1045.0, 1000.0, 0.37022284625306745
22.0, 4.0, 999.0, 1000.0, 0.35977927972667056
21.0, 2.0, 971.0, 1000.0, 0.3735066389292546
28.0, 5.0, 974.0, 1000.0, 0.35755462277865346
16.0, 4.0, 884.0, 1000.0, 0.3606414052391118
27.0, 3.0, 943.0, 1000.0, 0.37331494240939606
20.0, 9.0, 969.0, 1000.0, 0.3577255968850067
13.0, 7.0, 969.0, 1000.0, 0.3771805669400994
12.0, 6.0, 987.0, 1000.0, 0.3825222714950894
22.0, 3.0, 992.0, 1000.0, 0.36018608622324927
27.0, 7.0, 974.0, 1000.0, 0.35739346836551983
27.0, 3.0, 935.0, 1000.0, 0.3738314696287062
16.0, 9.0, 981.0, 1000.0, 0.35755462277865346
15.0, 4.0, 969.0, 1000.0, 0.3833475487535051

33.0, 2.0, 987.0, 1000.0, 0.3752907339136473
33.0, 1.0, 1037.0, 1000.0, 0.3752907339136473
17.0, 5.0, 902.0, 1000.0, 0.36554715811847843
22.0, 4.0, 968.0, 1000.0, 0.36280569489460546
27.0, 3.0, 971.0, 1000.0, 0.3751690443346881
26.0, 3.0, 958.0, 1000.0, 0.3771805669400994
25.0, 10.0, 994.0, 1000.0, 0.35521883997991316
21.0, 3.0, 1027.0, 1000.0, 0.37282898803698805
27.0, 1.0, 1026.0, 1000.0, 0.3791997927048322
18.0, 6.0, 977.0, 1000.0, 0.3633002594819453
33.0, 3.0, 963.0, 1000.0, 0.37391442425094046
20.0, 7.0, 983.0, 1000.0, 0.3606077943696606
16.0, 6.0, 884.0, 1000.0, 0.36554715811847843
22.0, 8.0, 1016.0, 1000.0, 0.3551694866011541
33.0, 2.0, 971.0, 1000.0, 0.3771805669400994
27.0, 2.0, 1024.0, 1000.0, 0.3703277865482589
26.0, 2.0, 1019.0, 1000.0, 0.3735066389292546
11.0, 9.0, 917.0, 1000.0, 0.36554715811847843
12.0, 7.0, 893.0, 1000.0, 0.36554715811847843
26.0, 8.0, 996.0, 1000.0, 0.35353165526596475
23.0, 4.0, 977.0, 1000.0, 0.36135321649943647
22.0, 3.0, 977.0, 1000.0, 0.36223009275742524
21.0, 2.0, 962.0, 1000.0, 0.3791997927048322
26.0, 7.0, 1009.0, 1000.0, 0.35492831472347397
28.0, 3.0, 1018.0, 1000.0, 0.3606414052391118
29.0, 3.0, 995.0, 1000.0, 0.3586842191047165
19.0, 8.0, 960.0, 1000.0, 0.35530615162628076
21.0, 9.0, 912.0, 1000.0, 0.35901376483337266
17.0, 4.0, 920.0, 1000.0, 0.36850969724623656
22.0, 11.0, 1011.0, 1000.0, 0.3540857845530392
28.0, 5.0, 988.0, 1000.0, 0.3551694866011541
21.0, 5.0, 939.0, 1000.0, 0.35737442482980825
21.0, 3.0, 1018.0, 1000.0, 0.3747241743280907
26.0, 8.0, 985.0, 1000.0, 0.3551694866011541
26.0, 1.0, 1002.0, 1000.0, 0.3812613861665153
25.0, 10.0, 996.0, 1000.0, 0.3537339453827322
29.0, 4.0, 991.0, 1000.0, 0.3578266150041858
21.0, 3.0, 960.0, 1000.0, 0.3753434318291706
15.0, 7.0, 910.0, 1000.0, 0.36280569489460546
22.0, 4.0, 984.0, 1000.0, 0.3606077943696606
22.0, 5.0, 980.0, 1000.0, 0.35610837129881645

29.0, 3.0, 994.0, 1000.0, 0.36850969724623656
22.0, 5.0, 966.0, 1000.0, 0.3599980871533308
20.0, 9.0, 981.0, 1000.0, 0.3622263340632417
19.0, 3.0, 995.0, 1000.0, 0.3825222714950894
27.0, 5.0, 958.0, 1000.0, 0.3670569907417578
26.0, 3.0, 1004.0, 1000.0, 0.3696610891167902
33.0, 2.0, 1027.0, 1000.0, 0.3708947573298225
20.0, 6.0, 972.0, 1000.0, 0.36850969724623656
21.0, 3.0, 951.0, 1000.0, 0.3708947573298225
27.0, 3.0, 957.0, 1000.0, 0.3696610891167902
17.0, 4.0, 967.0, 1000.0, 0.37523672607986025
12.0, 5.0, 963.0, 1000.0, 0.3825222714950894
17.0, 7.0, 975.0, 1000.0, 0.3696271876459597
12.0, 8.0, 951.0, 1000.0, 0.38155566931093915
33.0, 3.0, 1030.0, 1000.0, 0.3660744514141086
13.0, 7.0, 978.0, 1000.0, 0.3771805669400994
19.0, 6.0, 984.0, 1000.0, 0.36406226352129745
21.0, 8.0, 983.0, 1000.0, 0.3617629424511071
27.0, 7.0, 934.0, 1000.0, 0.36513449340243237
20.0, 4.0, 942.0, 1000.0, 0.38155566931093915
20.0, 8.0, 954.0, 1000.0, 0.36280569489460546
17.0, 9.0, 997.0, 1000.0, 0.3633002594819453
11.0, 5.0, 977.0, 1000.0, 0.3786845909267359
14.0, 8.0, 901.0, 1000.0, 0.3633170470815502
20.0, 9.0, 983.0, 1000.0, 0.3601964266730492
20.0, 9.0, 1031.0, 1000.0, 0.3601588067304733
21.0, 4.0, 945.0, 1000.0, 0.3726744907930817
27.0, 2.0, 1015.0, 1000.0, 0.3727258852213706
13.0, 8.0, 949.0, 1000.0, 0.37959912977069593
17.0, 6.0, 950.0, 1000.0, 0.3771805669400994
15.0, 7.0, 922.0, 1000.0, 0.37245749871136313
27.0, 3.0, 1017.0, 1000.0, 0.3696271876459597
20.0, 1.0, 999.0, 1000.0, 0.3786845909267359
13.0, 8.0, 960.0, 1000.0, 0.3726744907930817
11.0, 6.0, 979.0, 1000.0, 0.3719707165153461
26.0, 3.0, 981.0, 1000.0, 0.3705210259072419
16.0, 7.0, 1035.0, 1000.0, 0.3673078716789244
21.0, 3.0, 957.0, 1000.0, 0.37073499036492596
22.0, 6.0, 945.0, 1000.0, 0.36554715811847843
22.0, 4.0, 968.0, 1000.0, 0.3572008777546054
21.0, 2.0, 960.0, 1000.0, 0.3751690443346881
18.0, 2.0, 955.0, 1000.0, 0.38437343808100616
26.0, 8.0, 997.0, 1000.0, 0.3559797362872502
28.0, 4.0, 945.0, 1000.0, 0.36205598590071225
26.0, 1.0, 1002.0, 1000.0, 0.3752907339136473
15.0, 5.0, 988.0, 1000.0, 0.3749210406462273
20.0, 4.0, 1025.0, 1000.0, 0.3747241743280907
21.0, 7.0, 977.0, 1000.0, 0.36280569489460546
21.0, 3.0, 949.0, 1000.0, 0.3751690443346881
17.0, 7.0, 951.0, 1000.0, 0.37074818006637367
16.0, 5.0, 999.0, 1000.0, 0.3747241743280907
23.0, 5.0, 935.0, 1000.0, 0.37823258428099205

13.0, 7.0, 969.0, 1000.0, 0.37391442425094046
29.0, 4.0, 978.0, 1000.0, 0.3606077943696606
12.0, 9.0, 958.0, 1000.0, 0.3728212997599635
14.0, 8.0, 910.0, 1000.0, 0.3633170470815502
12.0, 8.0, 948.0, 1000.0, 0.37625733282101276
25.0, 2.0, 991.0, 1000.0, 0.3730026831113397
13.0, 6.0, 977.0, 1000.0, 0.3708947573298225
21.0, 5.0, 968.0, 1000.0, 0.3633170470815502
24.0, 7.0, 1056.0, 1000.0, 0.35604106869276064
21.0, 2.0, 951.0, 1000.0, 0.3771805669400994
29.0, 2.0, 1013.0, 1000.0, 0.3657233643640573
13.0, 9.0, 882.0, 1000.0, 0.3633170470815502
17.0, 5.0, 910.0, 1000.0, 0.36554715811847843
15.0, 8.0, 918.0, 1000.0, 0.3583304001580103
27.0, 0.0, 1045.0, 1000.0, 0.3752907339136473
21.0, 2.0, 978.0, 1000.0, 0.3752907339136473
23.0, 4.0, 975.0, 1000.0, 0.36280569489460546
24.0, 6.0, 997.0, 1000.0, 0.35688941675439034
13.0, 8.0, 973.0, 1000.0, 0.3694576078830921
21.0, 5.0, 945.0, 1000.0, 0.3652779056761618
27.0, 6.0, 946.0, 1000.0, 0.35755462277865346
13.0, 8.0, 962.0, 1000.0, 0.37140056256645093
21.0, 7.0, 1003.0, 1000.0, 0.35739346836551983
23.0, 3.0, 1008.0, 1000.0, 0.36572336436405734
16.0, 6.0, 934.0, 1000.0, 0.37578654270757256
13.0, 7.0, 982.0, 1000.0, 0.3696610891167902
12.0, 9.0, 942.0, 1000.0, 0.3770788903915084
13.0, 6.0, 961.0, 1000.0, 0.3771805669400994
18.0, 6.0, 981.0, 1000.0, 0.35846121927898045
29.0, 5.0, 964.0, 1000.0, 0.3640622635212975
14.0, 7.0, 912.0, 1000.0, 0.36303265570399634
27.0, 1.0, 1027.0, 1000.0, 0.3752907339136473
13.0, 7.0, 949.0, 1000.0, 0.3867756066292396
27.0, 6.0, 948.0, 1000.0, 0.3559797362872502
27.0, 7.0, 922.0, 1000.0, 0.3601736779062922
12.0, 10.0, 979.0, 1000.0, 0.3700976955533023
13.0, 8.0, 960.0, 1000.0, 0.3726744907930817
29.0, 3.0, 991.0, 1000.0, 0.36223009275742524
22.0, 5.0, 966.0, 1000.0, 0.35755462277865346
15.0, 8.0, 910.0, 1000.0, 0.3633002594819453
17.0, 3.0, 916.0, 1000.0, 0.36850969724623656
15.0, 9.0, 898.0, 1000.0, 0.35901376483337266

33.0, 2.0, 1065.0, 1000.0, 0.3690293062348618
26.0, 9.0, 964.0, 1000.0, 0.3640622635212975
28.0, 5.0, 1018.0, 1000.0, 0.35855734989095833
28.0, 5.0, 1019.0, 1000.0, 0.3559797362872502
23.0, 5.0, 973.0, 1000.0, 0.36554715811847843
23.0, 5.0, 975.0, 1000.0, 0.3640622635212975
21.0, 11.0, 959.0, 1000.0, 0.3601736779062922
17.0, 5.0, 957.0, 1000.0, 0.3771805669400994
19.0, 6.0, 984.0, 1000.0, 0.3640622635212975
26.0, 2.0, 1019.0, 1000.0, 0.373314431472084
33.0, 2.0, 1067.0, 1000.0, 0.36776590282568755
23.0, 9.0, 945.0, 1000.0, 0.36554715811847843
33.0, 2.0, 1039.0, 1000.0, 0.3717037622462423
13.0, 6.0, 995.0, 1000.0, 0.3812613861665153
15.0, 7.0, 931.0, 1000.0, 0.36850969724623656
17.0, 9.0, 990.0, 1000.0, 0.36406226352129745
29.0, 5.0, 917.0, 1000.0, 0.36554715811847843
13.0, 8.0, 951.0, 1000.0, 0.3726744907930817
33.0, 2.0, 1063.0, 1000.0, 0.3696610891167902
23.0, 4.0, 975.0, 1000.0, 0.36513449340243237
17.0, 8.0, 930.0, 1000.0, 0.3823613571630612
33.0, 3.0, 997.0, 1000.0, 0.3703277865482589
22.0, 6.0, 997.0, 1000.0, 0.35855734989095833
29.0, 5.0, 928.0, 1000.0, 0.3640622635212975
21.0, 3.0, 931.0, 1000.0, 0.3708947573298225
22.0, 8.0, 927.0, 1000.0, 0.37578654270757256
21.0, 7.0, 983.0, 1000.0, 0.36371201134889697
17.0, 5.0, 984.0, 1000.0, 0.37150443047928466
27.0, 1.0, 1026.0, 1000.0, 0.3812613861665153
25.0, 5.0, 998.0, 1000.0, 0.36280569489460546
29.0, 5.0, 980.0, 1000.0, 0.3633002594819453
22.0, 4.0, 983.0, 1000.0, 0.36850969724623656
33.0, 1.0, 1084.0, 1000.0, 0.36991966726184966
13.0, 9.0, 939.0, 1000.0, 0.3823613571630612
17.0, 6.0, 943.0, 1000.0, 0.37657885746782227
20.0, 8.0, 967.0, 1000.0, 0.3617629424511071
28.0, 5.0, 991.0, 1000.0, 0.35928424263560843
25.0, 6.0, 931.0, 1000.0, 0.36554715811847843
14.0, 6.0, 975.0, 1000.0, 0.3867756066292396
21.0, 2.0, 961.0, 1000.0, 0.37933507543980727
22.0, 6.0, 946.0, 1000.0, 0.36554715811847843
17.0, 5.0, 963.0, 1000.0, 0.3726744907930817
17.0, 10.0, 992.0, 1000.0, 0.35901376483337266
26.0, 3.0, 1033.0, 1000.0, 0.3696610891167902
13.0, 7.0, 961.0, 1000.0, 0.36944147091185797
16.0, 6.0, 966.0, 1000.0, 0.3812613861665153
29.0, 3.0, 1013.0, 1000.0, 0.3657233643640573
17.0, 6.0, 988.0, 1000.0, 0.3657233643640573
18.0, 4.0, 936.0, 1000.0, 0.37581548698233413
13.0, 9.0, 944.0, 1000.0, 0.3778967974053914
33.0, 2.0, 989.0, 1000.0, 0.3752907339136473
17.0, 7.0, 975.0, 1000.0, 0.3676292739692879
27.0, 7.0, 915.0, 1000.0, 0.35739346836551983
17.0, 9.0, 981.0, 1000.0, 0.36554715811847843
29.0, 4.0, 941.0, 1000.0, 0.36850969724623656
28.0, 6.0, 919.0, 1000.0, 0.3601736779062922
29.0, 4.0, 985.0, 1000.0, 0.3592790933993548
22.0, 9.0, 1015.0, 1000.0, 0.3551694866011541
24.0, 2.0, 959.0, 1000.0, 0.3845683494007246
21.0, 8.0, 981.0, 1000.0, 0.35610837129881645
18.0, 6.0, 959.0, 1000.0, 0.36554715811847843

17.0, 5.0, 981.0, 1000.0, 0.3696271876459597
28.0, 5.0, 963.0, 1000.0, 0.36135321649943647
26.0, 8.0, 986.0, 1000.0, 0.35755462277865346
15.0, 10.0, 970.0, 1000.0, 0.35604106869276064
24.0, 7.0, 1000.0, 1000.0, 0.35604106869276064
13.0, 7.0, 968.0, 1000.0, 0.37657885746782227
21.0, 2.0, 969.0, 1000.0, 0.3771805669400994
22.0, 11.0, 995.0, 1000.0, 0.35186378937505214
22.0, 5.0, 1040.0, 1000.0, 0.3673078716789244
16.0, 7.0, 925.0, 1000.0, 0.368096616936698
23.0, 5.0, 964.0, 1000.0, 0.36554715811847843
14.0, 6.0, 966.0, 1000.0, 0.3867756066292396
27.0, 1.0, 1027.0, 1000.0, 0.3752907339136473
26.0, 2.0, 1019.0, 1000.0, 0.3735066389292546
23.0, 5.0, 966.0, 1000.0, 0.3633002594819453
28.0, 5.0, 987.0, 1000.0, 0.35755462277865346
19.0, 9.0, 938.0, 1000.0, 0.3601964266730492
27.0, 2.0, 1017.0, 1000.0, 0.3708947573298225
23.0, 6.0, 973.0, 1000.0, 0.35901376483337266
22.0, 9.0, 997.0, 1000.0, 0.3551694866011541
21.0, 1.0, 970.0, 1000.0, 0.3812613861665153
17.0, 4.0, 983.0, 1000.0, 0.36754844908870254
13.0, 7.0, 970.0, 1000.0, 0.37523672607986025
23.0, 4.0, 975.0, 1000.0, 0.36280569489460546
19.0, 6.0, 982.0, 1000.0, 0.36554715811847843
29.0, 2.0, 1022.0, 1000.0, 0.36506616435039485
22.0, 9.0, 975.0, 1000.0, 0.3576712586985936
29.0, 5.0, 920.0, 1000.0, 0.36554715811847843
20.0, 3.0, 955.0, 1000.0, 0.372404986260461
17.0, 6.0, 946.0, 1000.0, 0.373012840349209
29.0, 5.0, 962.0, 1000.0, 0.3640622635212975
29.0, 4.0, 990.0, 1000.0, 0.3578266150041858
28.0, 7.0, 956.0, 1000.0, 0.35901376483337266
25.0, 5.0, 1012.0, 1000.0, 0.3555797163676526
21.0, 3.0, 969.0, 1000.0, 0.3696271876459597
13.0, 8.0, 953.0, 1000.0, 0.3750058319122572
33.0, 0.0, 1031.0, 1000.0, 0.3752907339136473
14.0, 9.0, 978.0, 1000.0, 0.3625439771359777
15.0, 10.0, 954.0, 1000.0, 0.3577255968850067
15.0, 8.0, 897.0, 1000.0, 0.3633002594819453
21.0, 11.0, 997.0, 1000.0, 0.35521883997991316
18.0, 2.0, 964.0, 1000.0, 0.3806363745478164
22.0, 6.0, 1001.0, 1000.0, 0.3601736779062922
20.0, 8.0, 999.0, 1000.0, 0.35755462277865346
21.0, 2.0, 971.0, 1000.0, 0.3752907339136473
26.0, 1.0, 1052.0, 1000.0, 0.3786845909267359
21.0, 6.0, 930.0, 1000.0, 0.3633002594819453
33.0, 4.0, 965.0, 1000.0, 0.37140056256645093
20.0, 5.0, 940.0, 1000.0, 0.3708788720715009
27.0, 4.0, 947.0, 1000.0, 0.37578654270757256
21.0, 6.0, 992.0, 1000.0, 0.36223009275742524
18.0, 3.0, 953.0, 1000.0, 0.380349750601505
32.0, 4.0, 931.0, 1000.0, 0.37391442425094046
20.0, 4.0, 920.0, 1000.0, 0.37657885746782227
17.0, 5.0, 954.0, 1000.0, 0.3771805669400994
23.0, 4.0, 989.0, 1000.0, 0.35910631786290326
25.0, 3.0, 970.0, 1000.0, 0.36850969724623656
27.0, 7.0, 928.0, 1000.0, 0.36280569489460546
22.0, 5.0, 1042.0, 1000.0, 0.3655237030455879
29.0, 2.0, 996.0, 1000.0, 0.3662773194109823
29.0, 4.0, 981.0, 1000.0, 0.36135321649943647
23.0, 3.0, 982.0, 1000.0, 0.3608362402110124
20.0, 8.0, 963.0, 1000.0, 0.36280569489460546
26.0, 2.0, 1021.0, 1000.0, 0.3731576773971256
22.0, 9.0, 1008.0, 1000.0, 0.35353165526596475
18.0, 7.0, 975.0, 1000.0, 0.3577255968850067
22.0, 6.0, 983.0, 1000.0, 0.3620583010319701

33.0, 3.0, 962.0, 1000.0, 0.37391442425094046
19.0, 7.0, 967.0, 1000.0, 0.3606414052391118
21.0, 4.0, 944.0, 1000.0, 0.37074818006637367
24.0, 6.0, 1032.0, 1000.0, 0.3577255968850067
17.0, 7.0, 924.0, 1000.0, 0.37578654270757256
21.0, 4.0, 938.0, 1000.0, 0.37140056256645093
22.0, 5.0, 959.0, 1000.0, 0.3633002594819453
24.0, 6.0, 989.0, 1000.0, 0.3599980871533308
21.0, 9.0, 990.0, 1000.0, 0.3576460905717205
13.0, 7.0, 940.0, 1000.0, 0.3867756066292396
25.0, 4.0, 971.0, 1000.0, 0.3663199631804397
19.0, 5.0, 993.0, 1000.0, 0.36280569489460546
21.0, 6.0, 935.0, 1000.0, 0.3601736779062922
26.0, 2.0, 1019.0, 1000.0, 0.3735066389292546
20.0, 3.0, 1007.0, 1000.0, 0.3747241743280907
17.0, 2.0, 979.0, 1000.0, 0.3812613861665153
26.0, 3.0, 973.0, 1000.0, 0.3708947573298225
26.0, 10.0, 986.0, 1000.0, 0.352617361498159
33.0, 3.0, 971.0, 1000.0, 0.3708947573298225
17.0, 9.0, 999.0, 1000.0, 0.3617629424511071
26.0, 1.0, 1009.0, 1000.0, 0.3812613861665153
22.0, 3.0, 981.0, 1000.0, 0.36850969724623656
17.0, 5.0, 945.0, 1000.0, 0.3726744907930817
15.0, 8.0, 910.0, 1000.0, 0.3633002594819453
20.0, 4.0, 977.0, 1000.0, 0.3867756066292396
15.0, 10.0, 983.0, 1000.0, 0.3577255968850067
20.0, 2.0, 1029.0, 1000.0, 0.3786845909267359
13.0, 8.0, 959.0, 1000.0, 0.38244581165993163
17.0, 8.0, 990.0, 1000.0, 0.36280569489460546
29.0, 3.0, 1015.0, 1000.0, 0.3650229650520408
29.0, 4.0, 964.0, 1000.0, 0.36280569489460546
24.0, 7.0, 989.0, 1000.0, 0.35855734989095833
19.0, 8.0, 945.0, 1000.0, 0.3606077943696606
21.0, 4.0, 911.0, 1000.0, 0.3726744907930817
14.0, 8.0, 983.0, 1000.0, 0.37959912977069593
21.0, 3.0, 937.0, 1000.0, 0.37657885746782227
21.0, 2.0, 954.0, 1000.0, 0.3753434318291706
26.0, 7.0, 968.0, 1000.0, 0.36012125211756474
18.0, 6.0, 972.0, 1000.0, 0.3633002594819453
26.0, 8.0, 977.0, 1000.0, 0.35402802128340277
29.0, 5.0, 953.0, 1000.0, 0.36554715811847843
29.0, 3.0, 977.0, 1000.0, 0.36850969724623656
18.0, 10.0, 934.0, 1000.0, 0.35739346836551983
19.0, 9.0, 935.0, 1000.0, 0.3601736779062922
33.0, 1.0, 1036.0, 1000.0, 0.3735066389292546
16.0, 9.0, 1018.0, 1000.0, 0.35755462277865346
15.0, 7.0, 928.0, 1000.0, 0.36850969724623656
26.0, 5.0, 957.0, 1000.0, 0.36646607536468706
20.0, 9.0, 972.0, 1000.0, 0.35855734989095833
13.0, 5.0, 960.0, 1000.0, 0.3812613861665153
26.0, 8.0, 968.0, 1000.0, 0.35910631786290326
33.0, 1.0, 1021.0, 1000.0, 0.3752907339136473
23.0, 4.0, 977.0, 1000.0, 0.3606077943696606
29.0, 3.0, 988.0, 1000.0, 0.3653319431239962
29.0, 2.0, 990.0, 1000.0, 0.36506616435039485
20.0, 5.0, 895.0, 1000.0, 0.3683489682943796
28.0, 5.0, 970.0, 1000.0, 0.3516428851059034
24.0, 6.0, 1059.0, 1000.0, 0.35604106869276064
25.0, 3.0, 1003.0, 1000.0, 0.36572336436405734
29.0, 2.0, 979.0, 1000.0, 0.36801047221216476
23.0, 9.0, 1012.0, 1000.0, 0.3555371131729792

27.0, 4.0, 947.0, 1000.0, 0.37578654270757256
17.0, 8.0, 1001.0, 1000.0, 0.3597145758762909
20.0, 2.0, 998.0, 1000.0, 0.37282898803698805
13.0, 9.0, 953.0, 1000.0, 0.3778967974053914
17.0, 7.0, 1003.0, 1000.0, 0.3590095903693178
27.0, 5.0, 947.0, 1000.0, 0.368212911972548
17.0, 7.0, 879.0, 1000.0, 0.3726744907930817
27.0, 8.0, 924.0, 1000.0, 0.36253623913137023
21.0, 8.0, 916.0, 1000.0, 0.3683489682943796
29.0, 5.0, 918.0, 1000.0, 0.36253623913137023
16.0, 8.0, 925.0, 1000.0, 0.3726744907930817
23.0, 9.0, 933.0, 1000.0, 0.36253623913137023
28.0, 6.0, 967.0, 1000.0, 0.35855734989095833
21.0, 1.0, 999.0, 1000.0, 0.37282898803698805
17.0, 10.0, 982.0, 1000.0, 0.35901376483337266
33.0, 3.0, 960.0, 1000.0, 0.3690293062348618
26.0, 9.0, 930.0, 1000.0, 0.3601964266730492
28.0, 6.0, 938.0, 1000.0, 0.37578654270757256
18.0, 7.0, 1012.0, 1000.0, 0.35855734989095833
23.0, 2.0, 996.0, 1000.0, 0.36214078265324107
11.0, 5.0, 977.0, 1000.0, 0.3828231648880125
27.0, 0.0, 1014.0, 1000.0, 0.3693189745785074
16.0, 9.0, 907.0, 1000.0, 0.3633002594819453
15.0, 4.0, 949.0, 1000.0, 0.3601588067304733
32.0, 3.0, 944.0, 1000.0, 0.3771805669400994
27.0, 3.0, 949.0, 1000.0, 0.37391442425094046
21.0, 5.0, 976.0, 1000.0, 0.3575081410719928
22.0, 5.0, 926.0, 1000.0, 0.37846972943061596
21.0, 7.0, 966.0, 1000.0, 0.35739346836551983
20.0, 1.0, 973.0, 1000.0, 0.3747241743280907
28.0, 4.0, 982.0, 1000.0, 0.3572008777546054
21.0, 9.0, 982.0, 1000.0, 0.35694549162984524
16.0, 8.0, 934.0, 1000.0, 0.37074818006637367
23.0, 5.0, 948.0, 1000.0, 0.3640622635212975
32.0, 4.0, 933.0, 1000.0, 0.3727258852213706
28.0, 5.0, 969.0, 1000.0, 0.35846121927898045
27.0, 1.0, 991.0, 1000.0, 0.37282898803698805
27.0, 0.0, 988.0, 1000.0, 0.37290594624591233
26.0, 9.0, 888.0, 1000.0, 0.3633002594819453
13.0, 8.0, 960.0, 1000.0, 0.3726744907930817
22.0, 3.0, 976.0, 1000.0, 0.35755973034820204
21.0, 7.0, 934.0, 1000.0, 0.3601736779062922
21.0, 6.0, 940.0, 1000.0, 0.3658581955366079
15.0, 8.0, 920.0, 1000.0, 0.37708167497236666
19.0, 3.0, 992.0, 1000.0, 0.3711622209261858
22.0, 6.0, 1005.0, 1000.0, 0.35604106869276064

27.0, 7.0, 997.0, 1000.0, 0.36135321649943647
28.0, 5.0, 1017.0, 1000.0, 0.35755462277865346
17.0, 5.0, 904.0, 1000.0, 0.3633002594819453
29.0, 3.0, 1013.0, 1000.0, 0.3657233643640573
23.0, 3.0, 1029.0, 1000.0, 0.3708947573298225
17.0, 6.0, 903.0, 1000.0, 0.3753434318291706
16.0, 5.0, 934.0, 1000.0, 0.37552191983423394
27.0, 3.0, 1009.0, 1000.0, 0.3696610891167902
33.0, 2.0, 1027.0, 1000.0, 0.3708947573298225
21.0, 9.0, 912.0, 1000.0, 0.35901376483337266
26.0, 1.0, 1009.0, 1000.0, 0.37933507543980727
20.0, 2.0, 973.0, 1000.0, 0.3747241743280907
33.0, 3.0, 997.0, 1000.0, 0.3703277865482589
20.0, 2.0, 928.0, 1000.0, 0.37552191983423394
33.0, 3.0, 963.0, 1000.0, 0.37391442425094046
26.0, 8.0, 1016.0, 1000.0, 0.35755462277865346
33.0, 0.0, 1031.0, 1000.0, 0.3752907339136473
29.0, 4.0, 989.0, 1000.0, 0.3592790933993548
27.0, 1.0, 1027.0, 1000.0, 0.37290594624591233
13.0, 5.0, 953.0, 1000.0, 0.37933507543980727
33.0, 2.0, 964.0, 1000.0, 0.37391442425094046
27.0, 1.0, 991.0, 1000.0, 0.3747241743280907
25.0, 10.0, 1040.0, 1000.0, 0.3537339453827322
23.0, 7.0, 1012.0, 1000.0, 0.3606077943696606
28.0, 6.0, 978.0, 1000.0, 0.3601736779062922
33.0, 3.0, 968.0, 1000.0, 0.3708947573298225
27.0, 2.0, 1027.0, 1000.0, 0.37282898803698805
33.0, 3.0, 964.0, 1000.0, 0.3726744907930817
28.0, 4.0, 1019.0, 1000.0, 0.3572008777546054
28.0, 5.0, 991.0, 1000.0, 0.35928424263560843
15.0, 3.0, 940.0, 1000.0, 0.3747241743280907
17.0, 5.0, 908.0, 1000.0, 0.3617629424511071
29.0, 4.0, 971.0, 1000.0, 0.36280569489460546
29.0, 4.0, 982.0, 1000.0, 0.36135321649943647
17.0, 4.0, 928.0, 1000.0, 0.36779476920589427
12.0, 8.0, 950.0, 1000.0, 0.3746347912853436
26.0, 9.0, 936.0, 1000.0, 0.35855734989095833
26.0, 8.0, 1008.0, 1000.0, 0.36096610581343946
23.0, 4.0, 975.0, 1000.0, 0.36280569489460546
13.0, 6.0, 917.0, 1000.0, 0.3617629424511071
25.0, 5.0, 1009.0, 1000.0, 0.36135321649943647
26.0, 9.0, 986.0, 1000.0, 0.3577255968850067
25.0, 10.0, 986.0, 1000.0, 0.35739346836551983

24.0, 4.0, 952.0, 1000.0, 0.3811178818590819
27.0, 3.0, 971.0, 1000.0, 0.3771805669400994
33.0, 3.0, 961.0, 1000.0, 0.37391442425094046
29.0, 3.0, 1013.0, 1000.0, 0.36572336436405734
20.0, 6.0, 991.0, 1000.0, 0.3657233643640573
18.0, 11.0, 1020.0, 1000.0, 0.36407306088033414
24.0, 4.0, 950.0, 1000.0, 0.3823613571630612
23.0, 5.0, 975.0, 1000.0, 0.3633002594819453
22.0, 9.0, 1003.0, 1000.0, 0.35604106869276064
23.0, 5.0, 973.0, 1000.0, 0.36554715811847843
21.0, 11.0, 959.0, 1000.0, 0.3601736779062922
15.0, 8.0, 929.0, 1000.0, 0.37708167497236666
17.0, 4.0, 969.0, 1000.0, 0.3798469133708786
19.0, 7.0, 1020.0, 1000.0, 0.3652779056761618
26.0, 9.0, 920.0, 1000.0, 0.3601736779062922
20.0, 3.0, 1022.0, 1000.0, 0.3747241743280907
23.0, 6.0, 964.0, 1000.0, 0.3708947573298225
26.0, 2.0, 997.0, 1000.0, 0.37523672607986025
27.0, 7.0, 934.0, 1000.0, 0.3577255968850067
24.0, 11.0, 920.0, 1000.0, 0.35855734989095833
11.0, 5.0, 973.0, 1000.0, 0.37290594624591233
29.0, 4.0, 964.0, 1000.0, 0.36280569489460546
24.0, 3.0, 1018.0, 1000.0, 0.3768797430751647
32.0, 3.0, 995.0, 1000.0, 0.3708947573298225
16.0, 9.0, 906.0, 1000.0, 0.3778967974053914
26.0, 5.0, 949.0, 1000.0, 0.3712442309516819
25.0, 4.0, 966.0, 1000.0, 0.37657885746782227
23.0, 5.0, 931.0, 1000.0, 0.3770766630502018
11.0, 7.0, 968.0, 1000.0, 0.3825556423672567
27.0, 1.0, 1022.0, 1000.0, 0.37290594624591233
28.0, 6.0, 978.0, 1000.0, 0.3601736779062922
11.0, 6.0, 970.0, 1000.0, 0.3747241743280907
25.0, 5.0, 1009.0, 1000.0, 0.3617629424511071
16.0, 8.0, 914.0, 1000.0, 0.3726744907930817
16.0, 6.0, 950.0, 1000.0, 0.38246510445629517
23.0, 3.0, 961.0, 1000.0, 0.3782111647941834
13.0, 7.0, 945.0, 1000.0, 0.3867756066292396
23.0, 4.0, 1029.0, 1000.0, 0.37074818006637367
24.0, 4.0, 960.0, 1000.0, 0.3792072861067764
27.0, 3.0, 1014.0, 1000.0, 0.3708947573298225
21.0, 2.0, 966.0, 1000.0, 0.37773907304500787
26.0, 10.0, 986.0, 1000.0, 0.352617361498159
18.0, 2.0, 1034.0, 1000.0, 0.37787436621268883
28.0, 6.0, 922.0, 1000.0, 0.3622263340632417
20.0, 9.0, 972.0, 1000.0, 0.35855734989095833
22.0, 4.0, 1003.0, 1000.0, 0.37657885746782227
26.0, 4.0, 936.0, 1000.0, 0.37140056256645093
26.0, 8.0, 989.0, 1000.0, 0.35604106869276064
26.0, 3.0, 987.0, 1000.0, 0.37657885746782227
25.0, 10.0, 944.0, 1000.0, 0.35855734989095833
12.0, 7.0, 956.0, 1000.0, 0.36788831060330074
26.0, 3.0, 1005.0, 1000.0, 0.37316845287633277
23.0, 4.0, 1014.0, 1000.0, 0.37391442425094046
29.0, 4.0, 991.0, 1000.0, 0.3606077943696606
23.0, 4.0, 958.0, 1000.0, 0.38713745601545424
22.0, 4.0, 1005.0, 1000.0, 0.37523672607986025
22.0, 8.0, 955.0, 1000.0, 0.3712442309516819
27.0, 6.0, 958.0, 1000.0, 0.3625439771359777
17.0, 7.0, 888.0, 1000.0, 0.3726744907930817
20.0, 3.0, 966.0, 1000.0, 0.3867756066292396
28.0, 6.0, 986.0, 1000.0, 0.3600140738009271
33.0, 3.0, 1012.0, 1000.0, 0.3696610891167902
20.0, 8.0, 974.0, 1000.0, 0.35846121927898045
23.0, 3.0, 1029.0, 1000.0, 0.3708947573298225
23.0, 4.0, 1023.0, 1000.0, 0.3708947573298225
17.0, 5.0, 954.0, 1000.0, 0.3726744907930817
26.0, 3.0, 997.0, 1000.0, 0.374895176853121
12.0, 8.0, 952.0, 1000.0, 0.3769767836433269
11.0, 9.0, 932.0, 1000.0, 0.37708167497236666
26.0, 3.0, 990.0, 1000.0, 0.37523672607986025
20.0, 5.0, 993.0, 1000.0, 0.36506616435039485
25.0, 9.0, 953.0, 1000.0, 0.35855734989095833
18.0, 10.0, 1023.0, 1000.0, 0.3647761105999744
24.0, 6.0, 997.0, 1000.0, 0.35604106869276064
24.0, 2.0, 965.0, 1000.0, 0.3867756066292396
25.0, 5.0, 969.0, 1000.0, 0.3683489682943796
24.0, 7.0, 970.0, 1000.0, 0.3640622635212975

26.0, 1.0, 1009.0, 1000.0, 0.3812613861665153
17.0, 4.0, 953.0, 1000.0, 0.3798469133708786
17.0, 6.0, 946.0, 1000.0, 0.3696610891167902
20.0, 4.0, 917.0, 1000.0, 0.3798469133708786
17.0, 6.0, 944.0, 1000.0, 0.3708947573298225
20.0, 5.0, 914.0, 1000.0, 0.3671686568497575
33.0, 1.0, 1019.0, 1000.0, 0.3752907339136473
17.0, 5.0, 947.0, 1000.0, 0.37140056256645093
12.0, 8.0, 945.0, 1000.0, 0.37092687096608806
28.0, 5.0, 950.0, 1000.0, 0.36280569489460546
22.0, 5.0, 959.0, 1000.0, 0.3633002594819453
17.0, 7.0, 894.0, 1000.0, 0.3726744907930817
18.0, 4.0, 934.0, 1000.0, 0.37771067327343677
27.0, 1.0, 1027.0, 1000.0, 0.3752907339136473
23.0, 5.0, 912.0, 1000.0, 0.36554715811847843
17.0, 7.0, 896.0, 1000.0, 0.37140056256645093
29.0, 3.0, 1013.0, 1000.0, 0.36352041080478853
26.0, 9.0, 895.0, 1000.0, 0.36554715811847843
27.0, 7.0, 995.0, 1000.0, 0.3592790933993548
32.0, 3.0, 989.0, 1000.0, 0.3685786647577391
26.0, 3.0, 999.0, 1000.0, 0.36730811962714094
20.0, 4.0, 941.0, 1000.0, 0.37668351231013153
15.0, 7.0, 903.0, 1000.0, 0.3606077943696606
21.0, 4.0, 879.0, 1000.0, 0.3726744907930817
15.0, 8.0, 899.0, 1000.0, 0.37581548698233413
19.0, 6.0, 982.0, 1000.0, 0.36554715811847843
25.0, 3.0, 995.0, 1000.0, 0.3685786647577391
24.0, 9.0, 1052.0, 1000.0, 0.3600012304384661
27.0, 2.0, 1033.0, 1000.0, 0.3698973107360769
33.0, 1.0, 1037.0, 1000.0, 0.3717037622462423
25.0, 2.0, 999.0, 1000.0, 0.3701338321473907
28.0, 3.0, 1034.0, 1000.0, 0.36687180223193083
15.0, 8.0, 901.0, 1000.0, 0.3633002594819453
20.0, 5.0, 853.0, 1000.0, 0.37578654270757256
25.0, 4.0, 934.0, 1000.0, 0.37066828426141496
28.0, 6.0, 918.0, 1000.0, 0.3577255968850067
13.0, 8.0, 903.0, 1000.0, 0.3726744907930817
32.0, 0.0, 1051.0, 1000.0, 0.3693189745785074
20.0, 6.0, 969.0, 1000.0, 0.36012125211756474
21.0, 3.0, 938.0, 1000.0, 0.3708947573298225
20.0, 3.0, 938.0, 1000.0, 0.3773060884675704
17.0, 3.0, 971.0, 1000.0, 0.3812613861665153
32.0, 3.0, 978.0, 1000.0, 0.37066828426141496
21.0, 2.0, 959.0, 1000.0, 0.37439064808785233
14.0, 5.0, 947.0, 1000.0, 0.37771067327343677
17.0, 4.0, 962.0, 1000.0, 0.37657885746782227
27.0, 5.0, 955.0, 1000.0, 0.3652779056761618
22.0, 4.0, 961.0, 1000.0, 0.3606077943696606

17.0, 6.0, 904.0, 1000.0, 0.35694549162984524
33.0, 3.0, 1018.0, 1000.0, 0.3654426685321802
15.0, 8.0, 910.0, 1000.0, 0.3633002594819453
33.0, 1.0, 1037.0, 1000.0, 0.3752907339136473
15.0, 7.0, 921.0, 1000.0, 0.3606077943696606
20.0, 3.0, 923.0, 1000.0, 0.3715740616157297
17.0, 4.0, 921.0, 1000.0, 0.3606077943696606
17.0, 6.0, 890.0, 1000.0, 0.3708947573298225
17.0, 4.0, 904.0, 1000.0, 0.36151404924125624
32.0, 2.0, 1039.0, 1000.0, 0.3705210259072419
27.0, 1.0, 1026.0, 1000.0, 0.3786845909267359
26.0, 3.0, 1006.0, 1000.0, 0.3696610891167902
16.0, 7.0, 938.0, 1000.0, 0.35186378937505214
16.0, 5.0, 896.0, 1000.0, 0.3606077943696606
28.0, 7.0, 917.0, 1000.0, 0.3540857845530392
12.0, 10.0, 970.0, 1000.0, 0.368096616936698
29.0, 3.0, 1027.0, 1000.0, 0.3654426685321802
20.0, 2.0, 947.0, 1000.0, 0.3730026831113397
28.0, 5.0, 980.0, 1000.0, 0.35755462277865346
16.0, 4.0, 956.0, 1000.0, 0.3812613861665153
20.0, 3.0, 925.0, 1000.0, 0.3703677675642104
16.0, 7.0, 894.0, 1000.0, 0.3771805669400994
33.0, 3.0, 1010.0, 1000.0, 0.36730811962714094
24.0, 7.0, 989.0, 1000.0, 0.35127529264336915
12.0, 7.0, 962.0, 1000.0, 0.3812613861665153
21.0, 1.0, 970.0, 1000.0, 0.3812613861665153
16.0, 6.0, 911.0, 1000.0, 0.35604106869276064
15.0, 2.0, 973.0, 1000.0, 0.3786845909267359
33.0, 1.0, 1017.0, 1000.0, 0.3753434318291706
13.0, 6.0, 911.0, 1000.0, 0.3617629424511071

14.0, 7.0, 983.0, 1000.0, 0.3867756066292396
13.0, 7.0, 988.0, 1000.0, 0.3825222714950894
22.0, 3.0, 1003.0, 1000.0, 0.3753434318291706
17.0, 5.0, 1013.0, 1000.0, 0.38437343808100616
20.0, 9.0, 999.0, 1000.0, 0.35855734989095833
21.0, 11.0, 982.0, 1000.0, 0.36285797410365556
28.0, 6.0, 973.0, 1000.0, 0.3601736779062922
17.0, 6.0, 943.0, 1000.0, 0.37657885746782227
17.0, 6.0, 945.0, 1000.0, 0.37523672607986025
23.0, 2.0, 1022.0, 1000.0, 0.3752907339136473
29.0, 5.0, 920.0, 1000.0, 0.36554715811847843
25.0, 2.0, 974.0, 1000.0, 0.3771805669400994
19.0, 6.0, 982.0, 1000.0, 0.36554715811847843
33.0, 1.0, 1012.0, 1000.0, 0.3752907339136473
12.0, 8.0, 962.0, 1000.0, 0.3825222714950894
25.0, 3.0, 989.0, 1000.0, 0.36150846328881714
13.0, 8.0, 951.0, 1000.0, 0.3726744907930817
33.0, 1.0, 1037.0, 1000.0, 0.3717037622462423
26.0, 2.0, 1009.0, 1000.0, 0.3735066389292546
26.0, 3.0, 988.0, 1000.0, 0.3747241743280907
24.0, 6.0, 994.0, 1000.0, 0.35924595995056546
27.0, 2.0, 992.0, 1000.0, 0.37290594624591233
27.0, 2.0, 966.0, 1000.0, 0.3747241743280907
27.0, 1.0, 1022.0, 1000.0, 0.37290594624591233
16.0, 8.0, 923.0, 1000.0, 0.37174577881237497
19.0, 8.0, 1038.0, 1000.0, 0.36502378636600163
26.0, 2.0, 1008.0, 1000.0, 0.3753434318291706
18.0, 2.0, 959.0, 1000.0, 0.38437343808100616
19.0, 5.0, 984.0, 1000.0, 0.36513449340243237
18.0, 8.0, 1038.0, 1000.0, 0.36914037040576564
24.0, 6.0, 995.0, 1000.0, 0.3577255968850067
27.0, 9.0, 985.0, 1000.0, 0.35694549162984524
17.0, 6.0, 1053.0, 1000.0, 0.3747241743280907
24.0, 1.0, 1015.0, 1000.0, 0.38437343808100616
21.0, 3.0, 937.0, 1000.0, 0.37657885746782227
33.0, 3.0, 960.0, 1000.0, 0.3727258852213706
17.0, 7.0, 984.0, 1000.0, 0.3696271876459597
22.0, 3.0, 1012.0, 1000.0, 0.3735066389292546
21.0, 1.0, 1018.0, 1000.0, 0.3786845909267359
27.0, 8.0, 995.0, 1000.0, 0.3525400886237399
28.0, 3.0, 964.0, 1000.0, 0.36850969724623656
26.0, 7.0, 990.0, 1000.0, 0.35569983396191085
28.0, 5.0, 989.0, 1000.0, 0.3599980871533308
16.0, 7.0, 951.0, 1000.0, 0.3771805669400994
12.0, 9.0, 932.0, 1000.0, 0.37174577881237497
26.0, 8.0, 986.0, 1000.0, 0.35755462277865346
20.0, 3.0, 1012.0, 1000.0, 0.3786845909267359
20.0, 4.0, 927.0, 1000.0, 0.36353898024033016
22.0, 10.0, 993.0, 1000.0, 0.3601736779062922
28.0, 6.0, 975.0, 1000.0, 0.35855734989095833
24.0, 7.0, 926.0, 1000.0, 0.3601736779062922
21.0, 8.0, 988.0, 1000.0, 0.3633002594819453
18.0, 4.0, 936.0, 1000.0, 0.37581548698233413

17.0, 7.0, 942.0, 1000.0, 0.3726744907930817
27.0, 5.0, 947.0, 1000.0, 0.368212911972548
33.0, 3.0, 1022.0, 1000.0, 0.3703277865482589
19.0, 5.0, 1027.0, 1000.0, 0.3812613861665153
18.0, 6.0, 975.0, 1000.0, 0.35755462277865346
33.0, 3.0, 1026.0, 1000.0, 0.3696610891167902
16.0, 7.0, 956.0, 1000.0, 0.37635866254802103
18.0, 7.0, 964.0, 1000.0, 0.3601736779062922
17.0, 8.0, 944.0, 1000.0, 0.36408058518489916
21.0, 3.0, 906.0, 1000.0, 0.3771805669400994
21.0, 4.0, 889.0, 1000.0, 0.3726744907930817
29.0, 4.0, 989.0, 1000.0, 0.36280569489460546
27.0, 2.0, 973.0, 1000.0, 0.3752907339136473
18.0, 8.0, 973.0, 1000.0, 0.3540857845530392
13.0, 9.0, 953.0, 1000.0, 0.3778967974053914
27.0, 7.0, 944.0, 1000.0, 0.3601736779062922
28.0, 5.0, 980.0, 1000.0, 0.35755462277865346
32.0, 2.0, 1008.0, 1000.0, 0.373314431472084
27.0, 1.0, 1033.0, 1000.0, 0.3786845909267359
22.0, 5.0, 979.0, 1000.0, 0.36096610581343946
26.0, 3.0, 988.0, 1000.0, 0.3708947573298225
26.0, 2.0, 1019.0, 1000.0, 0.3735066389292546
18.0, 7.0, 966.0, 1000.0, 0.35855734989095833
23.0, 3.0, 1014.0, 1000.0, 0.3726744907930817
33.0, 1.0, 1037.0, 1000.0, 0.3752907339136473
25.0, 4.0, 965.0, 1000.0, 0.3708947573298225
32.0, 4.0, 987.0, 1000.0, 0.3703277865482589
14.0, 6.0, 975.0, 1000.0, 0.3867756066292396
21.0, 3.0, 953.0, 1000.0, 0.37657885746782227
15.0, 9.0, 903.0, 1000.0, 0.3555371131729792
17.0, 6.0, 941.0, 1000.0, 0.3753434318291706
17.0, 6.0, 944.0, 1000.0, 0.36730811962714094
22.0, 6.0, 988.0, 1000.0, 0.3548081016557043
17.0, 6.0, 916.0, 1000.0, 0.3771805669400994
20.0, 4.0, 987.0, 1000.0, 0.3867756066292396
13.0, 9.0, 948.0, 1000.0, 0.3823613571630612
26.0, 4.0, 988.0, 1000.0, 0.36329216467174485
27.0, 6.0, 946.0, 1000.0, 0.35755462277865346
13.0, 8.0, 960.0, 1000.0, 0.37074818006637367
26.0, 2.0, 1013.0, 1000.0, 0.3752907339136473
21.0, 2.0, 964.0, 1000.0, 0.3771805669400994
13.0, 7.0, 969.0, 1000.0, 0.3753434318291706
18.0, 8.0, 975.0, 1000.0, 0.352617361498159
20.0, 5.0, 912.0, 1000.0, 0.3683489682943796
16.0, 8.0, 919.0, 1000.0, 0.3762308430321677
26.0, 2.0, 1021.0, 1000.0, 0.3731576773971256
27.0, 1.0, 1026.0, 1000.0, 0.3812613861665153
27.0, 2.0, 986.0, 1000.0, 0.3747241743280907
22.0, 4.0, 990.0, 1000.0, 0.3583274734106978
12.0, 9.0, 942.0, 1000.0, 0.38251451527607566
22.0, 5.0, 959.0, 1000.0, 0.3633002594819453
22.0, 6.0, 964.0, 1000.0, 0.3601736779062922

15.0, 10.0, 904.0, 1000.0, 0.36411926105754266
18.0, 6.0, 977.0, 1000.0, 0.3576712586985936
22.0, 6.0, 966.0, 1000.0, 0.3577255968850067
23.0, 4.0, 908.0, 1000.0, 0.36280569489460546
21.0, 2.0, 970.0, 1000.0, 0.3812613861665153
25.0, 2.0, 1005.0, 1000.0, 0.3730026831113397
27.0, 3.0, 949.0, 1000.0, 0.37391442425094046
33.0, 2.0, 1046.0, 1000.0, 0.3717037622462423
21.0, 4.0, 953.0, 1000.0, 0.37074818006637367
16.0, 5.0, 1004.0, 1000.0, 0.3747241743280907
17.0, 4.0, 972.0, 1000.0, 0.3753434318291706
26.0, 1.0, 1010.0, 1000.0, 0.3752907339136473
26.0, 1.0, 1009.0, 1000.0, 0.3812613861665153
22.0, 5.0, 968.0, 1000.0, 0.3551694866011541
21.0, 2.0, 971.0, 1000.0, 0.3735066389292546
21.0, 3.0, 949.0, 1000.0, 0.3753434318291706
21.0, 4.0, 952.0, 1000.0, 0.37140056256645093
20.0, 9.0, 972.0, 1000.0, 0.35855734989095833
25.0, 3.0, 1004.0, 1000.0, 0.36788831060330074
26.0, 8.0, 948.0, 1000.0, 0.356076048873476
27.0, 7.0, 940.0, 1000.0, 0.35910631786290326
26.0, 3.0, 995.0, 1000.0, 0.3708947573298225
21.0, 4.0, 936.0, 1000.0, 0.3726744907930817
33.0, 3.0, 975.0, 1000.0, 0.3696610891167902
9.0, 6.0, 915.0, 1000.0, 0.3655968070982535
23.0, 3.0, 1013.0, 1000.0, 0.37074818006637367
14.0, 10.0, 877.0, 1000.0, 0.3728151813356735
23.0, 3.0, 1017.0, 1000.0, 0.36521466157766275
20.0, 10.0, 970.0, 1000.0, 0.3540857845530392
29.0, 4.0, 993.0, 1000.0, 0.35910631786290326
15.0, 9.0, 905.0, 1000.0, 0.3728151813356735
17.0, 3.0, 973.0, 1000.0, 0.3812613861665153
8.0, 7.0, 924.0, 1000.0, 0.3601588067304733
15.0, 10.0, 902.0, 1000.0, 0.368096616936698
16.0, 5.0, 946.0, 1000.0, 0.3753434318291706
29.0, 4.0, 976.0, 1000.0, 0.36135321649943647
32.0, 3.0, 989.0, 1000.0, 0.3717037622462423
17.0, 5.0, 904.0, 1000.0, 0.3633002594819452
33.0, 1.0, 1039.0, 1000.0, 0.37487018356596336
21.0, 1.0, 1026.0, 1000.0, 0.37933507543980727

17.0, 5.0, 983.0, 1000.0, 0.3812613861665153
26.0, 2.0, 994.0, 1000.0, 0.3752907339136473
17.0, 5.0, 1038.0, 1000.0, 0.3786845909267359
33.0, 1.0, 1029.0, 1000.0, 0.3751690443346881
25.0, 4.0, 971.0, 1000.0, 0.36353898024033016
29.0, 3.0, 990.0, 1000.0, 0.3646593578538162
20.0, 4.0, 959.0, 1000.0, 0.37657885746782227
14.0, 9.0, 974.0, 1000.0, 0.3735585481439132
33.0, 1.0, 1012.0, 1000.0, 0.3752907339136473
14.0, 8.0, 967.0, 1000.0, 0.3811178818590819
28.0, 4.0, 959.0, 1000.0, 0.3646593578538162
27.0, 3.0, 1025.0, 1000.0, 0.3696271876459597
29.0, 4.0, 950.0, 1000.0, 0.36850969724623656
22.0, 6.0, 966.0, 1000.0, 0.35855734989095833
18.0, 11.0, 953.0, 1000.0, 0.35739346836551983
15.0, 11.0, 979.0, 1000.0, 0.3601736779062922
28.0, 7.0, 956.0, 1000.0, 0.35901376483337266
21.0, 8.0, 918.0, 1000.0, 0.36554715811847843
26.0, 9.0, 901.0, 1000.0, 0.36554715811847843
22.0, 4.0, 983.0, 1000.0, 0.36850969724623656
27.0, 9.0, 932.0, 1000.0, 0.35901376483337266
20.0, 8.0, 972.0, 1000.0, 0.3599980871533308
29.0, 4.0, 989.0, 1000.0, 0.36280569489460546
20.0, 5.0, 981.0, 1000.0, 0.3685466790657765
28.0, 4.0, 1016.0, 1000.0, 0.3606414052391118
17.0, 7.0, 953.0, 1000.0, 0.36944147091185797
16.0, 8.0, 946.0, 1000.0, 0.3708788720715009
14.0, 8.0, 965.0, 1000.0, 0.3823613571630612
22.0, 5.0, 959.0, 1000.0, 0.3633002594819453
29.0, 4.0, 991.0, 1000.0, 0.36135321649943647
29.0, 5.0, 946.0, 1000.0, 0.3617629424511071
17.0, 6.0, 944.0, 1000.0, 0.3708947573298225
18.0, 11.0, 919.0, 1000.0, 0.3601736779062922
21.0, 5.0, 945.0, 1000.0, 0.3652779056761618
19.0, 9.0, 949.0, 1000.0, 0.35755462277865346
16.0, 9.0, 974.0, 1000.0, 0.3633002594819453
25.0, 9.0, 896.0, 1000.0, 0.36850969724623656
21.0, 3.0, 937.0, 1000.0, 0.37657885746782227
22.0, 7.0, 964.0, 1000.0, 0.3540857845530392
28.0, 6.0, 895.0, 1000.0, 0.36554715811847843
19.0, 9.0, 934.0, 1000.0, 0.3601964266730492
22.0, 5.0, 993.0, 1000.0, 0.3625439771359777
26.0, 1.0, 999.0, 1000.0, 0.37933507543980727
22.0, 6.0, 973.0, 1000.0, 0.3577255968850067
29.0, 2.0, 979.0, 1000.0, 0.36572336436405734
27.0, 7.0, 930.0, 1000.0, 0.36513449340243237
21.0, 1.0, 945.0, 1000.0, 0.3812613861665153
18.0, 5.0, 971.0, 1000.0, 0.384978664107098
19.0, 10.0, 943.0, 1000.0, 0.3601736779062922
28.0, 6.0, 928.0, 1000.0, 0.3622263340632417
16.0, 6.0, 919.0, 1000.0, 0.3726744907930817
28.0, 6.0, 929.0, 1000.0, 0.3601736779062922
13.0, 7.0, 972.0, 1000.0, 0.37657885746782227
21.0, 8.0, 941.0, 1000.0, 0.3540857845530392
26.0, 2.0, 1008.0, 1000.0, 0.3727258852213706
21.0, 6.0, 943.0, 1000.0, 0.3599980871533308
25.0, 2.0, 1022.0, 1000.0, 0.37933507543980727
27.0, 3.0, 1016.0, 1000.0, 0.3696610891167902
21.0, 2.0, 1040.0, 1000.0, 0.3786845909267359
21.0, 3.0, 947.0, 1000.0, 0.3708947573298225
29.0, 5.0, 928.0, 1000.0, 0.3633002594819453
13.0, 9.0, 939.0, 1000.0, 0.3823613571630612
19.0, 4.0, 1027.0, 1000.0, 0.380349750601505
21.0, 4.0, 936.0, 1000.0, 0.3726744907930817
28.0, 4.0, 1004.0, 1000.0, 0.36303265570399634
20.0, 8.0, 967.0, 1000.0, 0.3617629424511071
13.0, 9.0, 941.0, 1000.0, 0.3811178818590819
28.0, 5.0, 979.0, 1000.0, 0.35755462277865346
23.0, 5.0, 912.0, 1000.0, 0.36554715811847843
13.0, 8.0, 968.0, 1000.0, 0.3871281524595399
16.0, 10.0, 965.0, 1000.0, 0.3577255968850067
21.0, 8.0, 920.0, 1000.0, 0.3633002594819453
20.0, 7.0, 974.0, 1000.0, 0.3572008777546054
19.0, 8.0, 936.0, 1000.0, 0.362585425197876
21.0, 7.0, 933.0, 1000.0, 0.3601736779062922
18.0, 7.0, 973.0, 1000.0, 0.3601736779062922
13.0, 8.0, 995.0, 1000.0, 0.37557837541793293

23.0, 5.0, 931.0, 1000.0, 0.38540333706981755
16.0, 7.0, 944.0, 1000.0, 0.3718140731894257
16.0, 7.0, 942.0, 1000.0, 0.37668351231013153
21.0, 2.0, 962.0, 1000.0, 0.3752907339136473
19.0, 6.0, 982.0, 1000.0, 0.36554715811847843
33.0, 3.0, 965.0, 1000.0, 0.3727258852213706
16.0, 6.0, 941.0, 1000.0, 0.3812613861665153
29.0, 5.0, 929.0, 1000.0, 0.3633002594819453
19.0, 9.0, 936.0, 1000.0, 0.3633002594819453
33.0, 1.0, 1037.0, 1000.0, 0.3717037622462423
21.0, 2.0, 961.0, 1000.0, 0.3812613861665153
23.0, 6.0, 985.0, 1000.0, 0.35694549162984524
17.0, 3.0, 965.0, 1000.0, 0.3752907339136473
27.0, 3.0, 1023.0, 1000.0, 0.3690293062348618
26.0, 3.0, 993.0, 1000.0, 0.3696610891167902
26.0, 1.0, 1010.0, 1000.0, 0.3752907339136473
17.0, 4.0, 936.0, 1000.0, 0.36850969724623656
20.0, 9.0, 909.0, 1000.0, 0.3601736779062922
33.0, 3.0, 972.0, 1000.0, 0.3708947573298225
16.0, 6.0, 961.0, 1000.0, 0.36788831060330074
16.0, 6.0, 953.0, 1000.0, 0.3705210259072419
26.0, 3.0, 958.0, 1000.0, 0.3771805669400994
11.0, 7.0, 947.0, 1000.0, 0.36801047221216476
27.0, 3.0, 1028.0, 1000.0, 0.36776590282568755
18.0, 8.0, 1037.0, 1000.0, 0.3671686568497575
29.0, 3.0, 1008.0, 1000.0, 0.36801047221216476
16.0, 9.0, 974.0, 1000.0, 0.3633002594819453
20.0, 7.0, 960.0, 1000.0, 0.3606077943696606
25.0, 5.0, 998.0, 1000.0, 0.3592790933993548
33.0, 3.0, 1007.0, 1000.0, 0.3660744514141086
13.0, 5.0, 963.0, 1000.0, 0.3752907339136473
27.0, 1.0, 1011.0, 1000.0, 0.3747241743280907
12.0, 10.0, 915.0, 1000.0, 0.3778967974053914
27.0, 8.0, 917.0, 1000.0, 0.36554715811847843
28.0, 5.0, 993.0, 1000.0, 0.35796590213233204
14.0, 8.0, 989.0, 1000.0, 0.3672215914166497
23.0, 5.0, 933.0, 1000.0, 0.38420601657855497
19.0, 9.0, 942.0, 1000.0, 0.3601964266730492
26.0, 1.0, 1009.0, 1000.0, 0.3790541289380002
17.0, 6.0, 977.0, 1000.0, 0.36754844908870254
19.0, 8.0, 938.0, 1000.0, 0.36298247229613645
19.0, 9.0, 994.0, 1000.0, 0.3577255968850067
21.0, 2.0, 937.0, 1000.0, 0.38205396894178967
20.0, 6.0, 924.0, 1000.0, 0.36572336436405734
33.0, 3.0, 955.0, 1000.0, 0.37391442425094046
19.0, 5.0, 984.0, 1000.0, 0.36280569489460546
27.0, 1.0, 1041.0, 1000.0, 0.37290594624591233
29.0, 4.0, 1002.0, 1000.0, 0.35910631786290326
21.0, 2.0, 971.0, 1000.0, 0.3717037622462423
28.0, 5.0, 1019.0, 1000.0, 0.3559797362872502
33.0, 3.0, 974.0, 1000.0, 0.3696610891167902
25.0, 3.0, 995.0, 1000.0, 0.3705210259072419
22.0, 4.0, 954.0, 1000.0, 0.3606077943696606

20.0, 8.0, 972.0, 1000.0, 0.35755462277865346
13.0, 8.0, 951.0, 1000.0, 0.3726744907930817
21.0, 3.0, 960.0, 1000.0, 0.3753434318291706
18.0, 8.0, 1048.0, 1000.0, 0.3673078716789244
17.0, 7.0, 942.0, 1000.0, 0.3726744907930817
26.0, 2.0, 1008.0, 1000.0, 0.3753434318291706
33.0, 2.0, 1043.0, 1000.0, 0.37487018356596336
18.0, 9.0, 1022.0, 1000.0, 0.36965333289777647
24.0, 7.0, 947.0, 1000.0, 0.36965333289777647
21.0, 4.0, 938.0, 1000.0, 0.37140056256645093
21.0, 4.0, 936.0, 1000.0, 0.3726744907930817
33.0, 3.0, 1033.0, 1000.0, 0.3654426685321802
13.0, 9.0, 941.0, 1000.0, 0.37823258428099205
13.0, 6.0, 952.0, 1000.0, 0.3771805669400994
26.0, 10.0, 984.0, 1000.0, 0.3540857845530392
19.0, 11.0, 914.0, 1000.0, 0.3740927331887781
21.0, 4.0, 960.0, 1000.0, 0.36789173314180945
15.0, 8.0, 906.0, 1000.0, 0.37523672607986025
33.0, 3.0, 965.0, 1000.0, 0.3727258852213706
22.0, 6.0, 964.0, 1000.0, 0.3601736779062922
16.0, 8.0, 916.0, 1000.0, 0.3726744907930817
22.0, 6.0, 900.0, 1000.0, 0.3778967974053914
29.0, 4.0, 964.0, 1000.0, 0.36280569489460546
24.0, 6.0, 935.0, 1000.0, 0.3726744907930817
28.0, 4.0, 982.0, 1000.0, 0.3657233643640573
23.0, 5.0, 948.0, 1000.0, 0.36554715811847843
20.0, 4.0, 977.0, 1000.0, 0.3867756066292396
27.0, 3.0, 1036.0, 1000.0, 0.36754844908870254
19.0, 9.0, 950.0, 1000.0, 0.3577255968850067
26.0, 2.0, 1019.0, 1000.0, 0.3752907339136473
13.0, 8.0, 960.0, 1000.0, 0.37074818006637367
19.0, 6.0, 933.0, 1000.0, 0.3823613571630612
29.0, 3.0, 1013.0, 1000.0, 0.36572336436405734
23.0, 4.0, 992.0, 1000.0, 0.3662773194109823
26.0, 5.0, 928.0, 1000.0, 0.3726744907930817
26.0, 1.0, 1009.0, 1000.0, 0.3771805669400994
21.0, 8.0, 996.0, 1000.0, 0.3540785373581258
19.0, 5.0, 993.0, 1000.0, 0.36298247229613645
23.0, 6.0, 973.0, 1000.0, 0.35901376483337266
22.0, 3.0, 985.0, 1000.0, 0.36801047221216476
29.0, 4.0, 994.0, 1000.0, 0.3598613826139533
16.0, 10.0, 999.0, 1000.0, 0.35855734989095833
19.0, 6.0, 985.0, 1000.0, 0.3633002594819453
14.0, 6.0, 950.0, 1000.0, 0.3867756066292396
27.0, 4.0, 1014.0, 1000.0, 0.36329216467174485
16.0, 7.0, 949.0, 1000.0, 0.3753434318291706
17.0, 5.0, 945.0, 1000.0, 0.3726744907930817
12.0, 8.0, 960.0, 1000.0, 0.38155566931093915
19.0, 6.0, 982.0, 1000.0, 0.36554715811847843
29.0, 5.0, 955.0, 1000.0, 0.3640622635212975
27.0, 3.0, 949.0, 1000.0, 0.37391442425094046
20.0, 8.0, 906.0, 1000.0, 0.3601736779062922
13.0, 7.0, 952.0, 1000.0, 0.37657885746782227
17.0, 7.0, 951.0, 1000.0, 0.37074818006637367
28.0, 6.0, 1017.0, 1000.0, 0.35855734989095833
22.0, 5.0, 924.0, 1000.0, 0.3806193969269622
17.0, 6.0, 944.0, 1000.0, 0.3708947573298225

17.0, 6.0, 968.0, 1000.0, 0.3745490235271316
23.0, 1.0, 1003.0, 1000.0, 0.38437343808100616
22.0, 2.0, 1005.0, 1000.0, 0.375937689407726
21.0, 5.0, 1012.0, 1000.0, 0.3633170470815502
27.0, 10.0, 933.0, 1000.0, 0.37139306916450676
26.0, 3.0, 997.0, 1000.0, 0.3708947573298225
28.0, 6.0, 969.0, 1000.0, 0.3601736779062922
27.0, 7.0, 995.0, 1000.0, 0.3592790933993548
20.0, 9.0, 972.0, 1000.0, 0.3601736779062922
27.0, 2.0, 971.0, 1000.0, 0.3771805669400994
26.0, 8.0, 1030.0, 1000.0, 0.3551694866011541
17.0, 6.0, 950.0, 1000.0, 0.37657885746782227
21.0, 2.0, 977.0, 1000.0, 0.37933507543980727
29.0, 5.0, 920.0, 1000.0, 0.36554715811847843
27.0, 7.0, 1000.0, 1000.0, 0.3578266150041858
17.0, 7.0, 894.0, 1000.0, 0.3726744907930817
33.0, 3.0, 959.0, 1000.0, 0.37391442425094046
17.0, 5.0, 983.0, 1000.0, 0.37933507543980727
23.0, 6.0, 930.0, 1000.0, 0.38332204391538843
29.0, 2.0, 1040.0, 1000.0, 0.36572336436405734
18.0, 6.0, 961.0, 1000.0, 0.3633002594819453
33.0, 3.0, 965.0, 1000.0, 0.3708947573298225
21.0, 3.0, 939.0, 1000.0, 0.37523672607986025
26.0, 9.0, 986.0, 1000.0, 0.3577255968850067
29.0, 3.0, 991.0, 1000.0, 0.36223009275742524
26.0, 9.0, 968.0, 1000.0, 0.3601736779062922
17.0, 8.0, 990.0, 1000.0, 0.36280569489460546
14.0, 8.0, 954.0, 1000.0, 0.3633170470815502
27.0, 2.0, 1051.0, 1000.0, 0.37290594624591233
27.0, 1.0, 1007.0, 1000.0, 0.3747241743280907
26.0, 4.0, 934.0, 1000.0, 0.3726744907930817
21.0, 9.0, 979.0, 1000.0, 0.35901376483337266
15.0, 10.0, 1021.0, 1000.0, 0.357078984230709
26.0, 2.0, 984.0, 1000.0, 0.3747241743280907
22.0, 5.0, 934.0, 1000.0, 0.3633002594819453
22.0, 4.0, 961.0, 1000.0, 0.3606077943696606
33.0, 1.0, 1005.0, 1000.0, 0.3752907339136473
21.0, 3.0, 1034.0, 1000.0, 0.3747241743280907
22.0, 4.0, 976.0, 1000.0, 0.3598613826139533
26.0, 2.0, 1014.0, 1000.0, 0.3735066389292546
26.0, 2.0, 961.0, 1000.0, 0.3772056156383438
29.0, 5.0, 922.0, 1000.0, 0.3640622635212975
17.0, 6.0, 961.0, 1000.0, 0.37523672607986025
29.0, 4.0, 959.0, 1000.0, 0.36280569489460546
18.0, 8.0, 994.0, 1000.0, 0.3554396940956015
28.0, 6.0, 971.0, 1000.0, 0.35855734989095833
20.0, 9.0, 947.0, 1000.0, 0.3683489682943796
25.0, 10.0, 946.0, 1000.0, 0.3601736779062922
19.0, 10.0, 942.0, 1000.0, 0.3653555913201954
23.0, 3.0, 1035.0, 1000.0, 0.37365227835511905
28.0, 6.0, 931.0, 1000.0, 0.36554715811847843
17.0, 7.0, 959.0, 1000.0, 0.3698973107360769
21.0, 5.0, 963.0, 1000.0, 0.36438137068186405
20.0, 2.0, 1032.0, 1000.0, 0.3766910691209218
16.0, 7.0, 933.0, 1000.0, 0.37657885746782227
18.0, 2.0, 954.0, 1000.0, 0.38437343808100616
13.0, 7.0, 977.0, 1000.0, 0.37523672607986025
26.0, 2.0, 950.0, 1000.0, 0.3793113310080495
16.0, 7.0, 949.0, 1000.0, 0.37581548698233413
16.0, 6.0, 973.0, 1000.0, 0.3797398898509183
17.0, 6.0, 983.0, 1000.0, 0.3725805772659328
20.0, 4.0, 956.0, 1000.0, 0.3746347912853436
26.0, 7.0, 1027.0, 1000.0, 0.35569983396191085
25.0, 3.0, 1017.0, 1000.0, 0.3749210406462273
19.0, 7.0, 1013.0, 1000.0, 0.3606414052391118
19.0, 6.0, 957.0, 1000.0, 0.36554715811847843
21.0, 7.0, 965.0, 1000.0, 0.36280569489460546
13.0, 10.0, 955.0, 1000.0, 0.3866661867947614
19.0, 5.0, 962.0, 1000.0, 0.38244581165993163
19.0, 6.0, 1022.0, 1000.0, 0.36018608622324927
13.0, 7.0, 959.0, 1000.0, 0.37657885746782227
16.0, 8.0, 938.0, 1000.0, 0.37174577881237497
13.0, 6.0, 986.0, 1000.0, 0.37933507543980727
20.0, 5.0, 940.0, 1000.0, 0.3728212997599635

28.0, 6.0, 983.0, 1000.0, 0.35855734989095833
26.0, 1.0, 1009.0, 1000.0, 0.3812613861665153
15.0, 8.0, 901.0, 1000.0, 0.3633002594819453
21.0, 2.0, 971.0, 1000.0, 0.3735066389292546
22.0, 11.0, 993.0, 1000.0, 0.3540857845530392
17.0, 5.0, 950.0, 1000.0, 0.3726744907930817
29.0, 4.0, 989.0, 1000.0, 0.3592790933993548
27.0, 2.0, 1036.0, 1000.0, 0.373314431472084
21.0, 3.0, 937.0, 1000.0, 0.37657885746782227
15.0, 7.0, 920.0, 1000.0, 0.36779476920589427
23.0, 5.0, 906.0, 1000.0, 0.36554715811847843
14.0, 6.0, 975.0, 1000.0, 0.3867756066292396
20.0, 3.0, 947.0, 1000.0, 0.36885168478709796
13.0, 8.0, 956.0, 1000.0, 0.3726744907930817
27.0, 2.0, 1040.0, 1000.0, 0.3731576773971256
19.0, 6.0, 926.0, 1000.0, 0.36554715811847843
26.0, 9.0, 1023.0, 1000.0, 0.35127529264336915
29.0, 3.0, 986.0, 1000.0, 0.3608362402110124
21.0, 4.0, 922.0, 1000.0, 0.37140056256645093
27.0, 1.0, 1029.0, 1000.0, 0.3735066389292546
22.0, 5.0, 979.0, 1000.0, 0.3617629424511071
29.0, 2.0, 1004.0, 1000.0, 0.36572336436405734
20.0, 6.0, 925.0, 1000.0, 0.368096616936698
17.0, 3.0, 974.0, 1000.0, 0.3735066389292546
21.0, 5.0, 942.0, 1000.0, 0.3652779056761618
20.0, 9.0, 965.0, 1000.0, 0.35694549162984524
28.0, 4.0, 1041.0, 1000.0, 0.3606414052391118
20.0, 6.0, 969.0, 1000.0, 0.36012125211756474
20.0, 8.0, 949.0, 1000.0, 0.3617629424511071
26.0, 9.0, 997.0, 1000.0, 0.35604106869276064
24.0, 6.0, 989.0, 1000.0, 0.3599980871533308
27.0, 5.0, 949.0, 1000.0, 0.36527790567616175
21.0, 7.0, 932.0, 1000.0, 0.35739346836551983
17.0, 6.0, 947.0, 1000.0, 0.3753434318291706
21.0, 12.0, 959.0, 1000.0, 0.3540857845530392
27.0, 4.0, 1014.0, 1000.0, 0.36329216467174485
21.0, 3.0, 939.0, 1000.0, 0.37523672607986025
26.0, 8.0, 988.0, 1000.0, 0.35679420151333163
29.0, 3.0, 975.0, 1000.0, 0.36223009275742524
29.0, 4.0, 975.0, 1000.0, 0.36135321649943647
16.0, 6.0, 1019.0, 1000.0, 0.37290594624591233
20.0, 7.0, 967.0, 1000.0, 0.3606077943696606
22.0, 5.0, 952.0, 1000.0, 0.3633002594819453
28.0, 5.0, 1017.0, 1000.0, 0.35402802128340277
17.0, 8.0, 1006.0, 1000.0, 0.36134583901137673
20.0, 4.0, 920.0, 1000.0, 0.3774729114539419
13.0, 7.0, 980.0, 1000.0, 0.3753434318291706
21.0, 6.0, 990.0, 1000.0, 0.35726051118090496
26.0, 7.0, 988.0, 1000.0, 0.3572008777546054
14.0, 9.0, 910.0, 1000.0, 0.3577255968850067
25.0, 4.0, 961.0, 1000.0, 0.3637047893988016
22.0, 5.0, 910.0, 1000.0, 0.3686360772596108
21.0, 2.0, 961.0, 1000.0, 0.37933507543980727
28.0, 4.0, 1011.0, 1000.0, 0.36303265570399634
29.0, 4.0, 993.0, 1000.0, 0.35910631786290326
22.0, 6.0, 904.0, 1000.0, 0.3622263340632417
21.0, 2.0, 966.0, 1000.0, 0.3752907339136473

24.0, 6.0, 998.0, 1000.0, 0.35755462277865346
27.0, 8.0, 995.0, 1000.0, 0.35610837129881645
28.0, 5.0, 980.0, 1000.0, 0.35755462277865346
16.0, 7.0, 917.0, 1000.0, 0.37657885746782227
12.0, 9.0, 935.0, 1000.0, 0.3767104588638038
21.0, 5.0, 963.0, 1000.0, 0.3633170470815502
19.0, 9.0, 985.0, 1000.0, 0.35604106869276064
16.0, 7.0, 926.0, 1000.0, 0.3745490235271316
15.0, 8.0, 902.0, 1000.0, 0.36813313354607946
24.0, 6.0, 995.0, 1000.0, 0.3577255968850067
29.0, 4.0, 989.0, 1000.0, 0.36280569489460546
28.0, 6.0, 988.0, 1000.0, 0.35604106869276064
20.0, 5.0, 943.0, 1000.0, 0.36556616848585705
16.0, 4.0, 937.0, 1000.0, 0.365764802520136
27.0, 6.0, 955.0, 1000.0, 0.35755462277865346
26.0, 1.0, 1010.0, 1000.0, 0.3752907339136473
23.0, 5.0, 895.0, 1000.0, 0.3633002594819453
26.0, 7.0, 937.0, 1000.0, 0.36098488538639706
13.0, 6.0, 946.0, 1000.0, 0.3752907339136473
27.0, 4.0, 930.0, 1000.0, 0.3726744907930817
15.0, 9.0, 896.0, 1000.0, 0.3728151813356735
22.0, 5.0, 974.0, 1000.0, 0.36253623913137023
29.0, 5.0, 989.0, 1000.0, 0.35610837129881645
25.0, 3.0, 996.0, 1000.0, 0.3735066389292546
27.0, 6.0, 954.0, 1000.0, 0.3576712586985936
20.0, 6.0, 991.0, 1000.0, 0.3650229650520408
19.0, 3.0, 938.0, 1000.0, 0.3782111647941834
22.0, 5.0, 908.0, 1000.0, 0.3697429337241816
28.0, 4.0, 991.0, 1000.0, 0.3572008777546054
27.0, 3.0, 937.0, 1000.0, 0.3708947573298225
17.0, 3.0, 966.0, 1000.0, 0.3766910691209218
24.0, 6.0, 1000.0, 1000.0, 0.3551694866011541
20.0, 8.0, 958.0, 1000.0, 0.3633002594819453
20.0, 7.0, 967.0, 1000.0, 0.35708119287441
21.0, 2.0, 962.0, 1000.0, 0.3752907339136473
25.0, 2.0, 1037.0, 1000.0, 0.3735066389292546
26.0, 3.0, 1004.0, 1000.0, 0.3696610891167902
15.0, 8.0, 898.0, 1000.0, 0.3707347268062651
14.0, 7.0, 1001.0, 1000.0, 0.3648501742634489
28.0, 7.0, 989.0, 1000.0, 0.352617361498159
22.0, 6.0, 902.0, 1000.0, 0.3740927331887781
26.0, 9.0, 964.0, 1000.0, 0.35610837129881645
16.0, 7.0, 928.0, 1000.0, 0.37316845287633277
19.0, 6.0, 982.0, 1000.0, 0.36554715811847843
29.0, 4.0, 980.0, 1000.0, 0.36513449340243237
13.0, 7.0, 953.0, 1000.0, 0.3708947573298225
27.0, 6.0, 991.0, 1000.0, 0.3568342691990605
23.0, 5.0, 905.0, 1000.0, 0.36253623913137023
12.0, 8.0, 951.0, 1000.0, 0.38155566931093915
16.0, 9.0, 974.0, 1000.0, 0.3633002594819453
21.0, 1.0, 954.0, 1000.0, 0.3766910691209218
33.0, 2.0, 1046.0, 1000.0, 0.3717037622462423
18.0, 6.0, 929.0, 1000.0, 0.3767104588638038
26.0, 3.0, 1008.0, 1000.0, 0.36789173314180945
33.0, 3.0, 1031.0, 1000.0, 0.36730811962714094
28.0, 5.0, 991.0, 1000.0, 0.3551694866011541

29.0, 3.0, 1018.0, 1000.0, 0.3657233643640573
23.0, 5.0, 973.0, 1000.0, 0.36554715811847843
27.0, 3.0, 1014.0, 1000.0, 0.3708947573298225
21.0, 2.0, 961.0, 1000.0, 0.3812613861665153
21.0, 4.0, 899.0, 1000.0, 0.3807367800290531
27.0, 3.0, 1005.0, 1000.0, 0.37391442425094046
21.0, 7.0, 981.0, 1000.0, 0.35927909339935477
25.0, 10.0, 952.0, 1000.0, 0.35855734989095833
26.0, 3.0, 1018.0, 1000.0, 0.37439064808785233
21.0, 4.0, 944.0, 1000.0, 0.37296210684065734
26.0, 2.0, 997.0, 1000.0, 0.3771805669400994
33.0, 3.0, 965.0, 1000.0, 0.3708947573298225
23.0, 3.0, 1039.0, 1000.0, 0.3752907339136473
29.0, 5.0, 961.0, 1000.0, 0.36554715811847843
33.0, 2.0, 1046.0, 1000.0, 0.3717037622462423
22.0, 4.0, 983.0, 1000.0, 0.36850969724623656
21.0, 4.0, 945.0, 1000.0, 0.3726744907930817
33.0, 3.0, 959.0, 1000.0, 0.37391442425094046
26.0, 3.0, 953.0, 1000.0, 0.3771805669400994
26.0, 1.0, 1003.0, 1000.0, 0.3752907339136473
17.0, 4.0, 960.0, 1000.0, 0.3798469133708786
22.0, 3.0, 962.0, 1000.0, 0.37914132073274853
18.0, 5.0, 979.0, 1000.0, 0.36779476920589427
23.0, 5.0, 983.0, 1000.0, 0.36489807068411245
13.0, 9.0, 944.0, 1000.0, 0.3778967974053914
29.0, 3.0, 977.0, 1000.0, 0.36850969724623656
26.0, 3.0, 1003.0, 1000.0, 0.3745490235271316
24.0, 7.0, 989.0, 1000.0, 0.35855734989095833
28.0, 5.0, 982.0, 1000.0, 0.3559797362872502
29.0, 5.0, 964.0, 1000.0, 0.3640622635212975
23.0, 4.0, 975.0, 1000.0, 0.36513449340243237
29.0, 3.0, 1013.0, 1000.0, 0.36572336436405734
26.0, 3.0, 984.0, 1000.0, 0.37657885746782227
21.0, 3.0, 944.0, 1000.0, 0.3798469133708786
27.0, 5.0, 1007.0, 1000.0, 0.36303265570399634
22.0, 5.0, 1033.0, 1000.0, 0.36731606813726864
23.0, 5.0, 954.0, 1000.0, 0.3682697364119131
16.0, 6.0, 886.0, 1000.0, 0.3601736779062922
20.0, 8.0, 974.0, 1000.0, 0.3559797362872502
20.0, 5.0, 921.0, 1000.0, 0.3683489682943796
13.0, 8.0, 960.0, 1000.0, 0.3726744907930817
23.0, 6.0, 973.0, 1000.0, 0.35901376483337266
29.0, 5.0, 970.0, 1000.0, 0.3633002594819453
20.0, 9.0, 966.0, 1000.0, 0.35855734989095833
23.0, 5.0, 971.0, 1000.0, 0.36611771530561715
18.0, 4.0, 950.0, 1000.0, 0.37771067327343677
14.0, 9.0, 876.0, 1000.0, 0.3601736779062922
26.0, 8.0, 990.0, 1000.0, 0.355293157720637
26.0, 5.0, 919.0, 1000.0, 0.37578654270757256
25.0, 3.0, 978.0, 1000.0, 0.3771805669400994
28.0, 4.0, 1014.0, 1000.0, 0.35569983396191085
28.0, 6.0, 975.0, 1000.0, 0.35855734989095833
13.0, 7.0, 952.0, 1000.0, 0.37657885746782227

29.0, 3.0, 991.0, 1000.0, 0.36223009275742524
17.0, 7.0, 951.0, 1000.0, 0.3726744907930817
19.0, 7.0, 962.0, 1000.0, 0.36572336436405734
27.0, 2.0, 1036.0, 1000.0, 0.3752907339136473
25.0, 9.0, 952.0, 1000.0, 0.35755462277865346
29.0, 4.0, 993.0, 1000.0, 0.3592790933993548
13.0, 9.0, 953.0, 1000.0, 0.3778967974053914
30.0, 8.0, 894.0, 1000.0, 0.37139306916450676
21.0, 8.0, 979.0, 1000.0, 0.36554715811847843
33.0, 2.0, 1021.0, 1000.0, 0.3752907339136473
33.0, 2.0, 1041.0, 1000.0, 0.3717037622462423
13.0, 8.0, 937.0, 1000.0, 0.3867756066292396
17.0, 6.0, 975.0, 1000.0, 0.3753434318291706
21.0, 7.0, 981.0, 1000.0, 0.36280569489460546
28.0, 5.0, 1017.0, 1000.0, 0.35755462277865346
27.0, 3.0, 987.0, 1000.0, 0.37391442425094046
21.0, 1.0, 961.0, 1000.0, 0.3771805669400994
33.0, 3.0, 963.0, 1000.0, 0.37391442425094046
13.0, 8.0, 962.0, 1000.0, 0.38251451527607566
27.0, 2.0, 1038.0, 1000.0, 0.37487018356596336
12.0, 10.0, 970.0, 1000.0, 0.368096616936698
22.0, 6.0, 903.0, 1000.0, 0.3601736779062922
29.0, 4.0, 964.0, 1000.0, 0.36280569489460546
21.0, 3.0, 1015.0, 1000.0, 0.3753434318291706
29.0, 4.0, 991.0, 1000.0, 0.3606077943696606
26.0, 3.0, 996.0, 1000.0, 0.37523672607986025
27.0, 1.0, 1021.0, 1000.0, 0.3766910691209218
19.0, 10.0, 940.0, 1000.0, 0.3601736779062922
12.0, 10.0, 924.0, 1000.0, 0.3778967974053914
29.0, 5.0, 920.0, 1000.0, 0.36554715811847843
21.0, 3.0, 937.0, 1000.0, 0.37657885746782227
16.0, 7.0, 935.0, 1000.0, 0.3771805669400994
29.0, 4.0, 987.0, 1000.0, 0.36135321649943647
29.0, 3.0, 993.0, 1000.0, 0.3608362402110124
23.0, 4.0, 968.0, 1000.0, 0.36280569489460546
16.0, 8.0, 933.0, 1000.0, 0.38219214067840057
25.0, 10.0, 941.0, 1000.0, 0.3577255968850067
24.0, 6.0, 995.0, 1000.0, 0.3577255968850067
17.0, 6.0, 936.0, 1000.0, 0.37657885746782227
14.0, 5.0, 955.0, 1000.0, 0.384978664107098
20.0, 9.0, 972.0, 1000.0, 0.35901376483337266
25.0, 11.0, 950.0, 1000.0, 0.3540857845530392
20.0, 4.0, 1011.0, 1000.0, 0.3747241743280907
28.0, 4.0, 1019.0, 1000.0, 0.3572008777546054
16.0, 9.0, 931.0, 1000.0, 0.368096616936698
24.0, 6.0, 1019.0, 1000.0, 0.35755462277865346
15.0, 8.0, 974.0, 1000.0, 0.36572336436405734
16.0, 8.0, 940.0, 1000.0, 0.3770788903915084
27.0, 8.0, 995.0, 1000.0, 0.35610837129881645
16.0, 9.0, 987.0, 1000.0, 0.3577255968850067
18.0, 8.0, 949.0, 1000.0, 0.3726744907930817
26.0, 5.0, 919.0, 1000.0, 0.37578654270757256
33.0, 2.0, 1034.0, 1000.0, 0.3735066389292546
11.0, 7.0, 973.0, 1000.0, 0.37802094342006615
17.0, 2.0, 935.0, 1000.0, 0.3771805669400994
25.0, 4.0, 993.0, 1000.0, 0.36223009275742524
26.0, 4.0, 930.0, 1000.0, 0.3726744907930817
33.0, 2.0, 1023.0, 1000.0, 0.37487018356596336
27.0, 3.0, 993.0, 1000.0, 0.3708947573298225
25.0, 9.0, 961.0, 1000.0, 0.3559797362872502
17.0, 8.0, 950.0, 1000.0, 0.3760720714447761
28.0, 5.0, 966.0, 1000.0, 0.35928424263560843
22.0, 5.0, 935.0, 1000.0, 0.3767104588638038
21.0, 4.0, 936.0, 1000.0, 0.3726744907930817

23.0, 6.0, 969.0, 1000.0, 0.35901376483337266
29.0, 3.0, 973.0, 1000.0, 0.36223009275742524
26.0, 8.0, 925.0, 1000.0, 0.35755462277865346
12.0, 9.0, 927.0, 1000.0, 0.3683489682943796
20.0, 3.0, 976.0, 1000.0, 0.3867756066292396
26.0, 1.0, 1009.0, 1000.0, 0.37933507543980727
23.0, 4.0, 982.0, 1000.0, 0.36513449340243237
13.0, 8.0, 951.0, 1000.0, 0.3726744907930817
27.0, 4.0, 942.0, 1000.0, 0.37578654270757256
26.0, 1.0, 1002.0, 1000.0, 0.3812613861665153
29.0, 4.0, 992.0, 1000.0, 0.3592790933993548
19.0, 9.0, 997.0, 1000.0, 0.3577255968850067
33.0, 1.0, 1037.0, 1000.0, 0.3752907339136473
27.0, 7.0, 928.0, 1000.0, 0.3601736779062922
12.0, 9.0, 956.0, 1000.0, 0.3655689946362654
29.0, 3.0, 975.0, 1000.0, 0.3608362402110124
17.0, 4.0, 965.0, 1000.0, 0.3812613861665153
14.0, 6.0, 966.0, 1000.0, 0.3867756066292396
32.0, 4.0, 931.0, 1000.0, 0.37391442425094046
28.0, 5.0, 1030.0, 1000.0, 0.3569138308412134
21.0, 2.0, 951.0, 1000.0, 0.3771805669400994
20.0, 9.0, 970.0, 1000.0, 0.3601736779062922
21.0, 4.0, 1032.0, 1000.0, 0.36730787167892437
22.0, 9.0, 934.0, 1000.0, 0.35755462277865346
20.0, 8.0, 967.0, 1000.0, 0.3617629424511071
33.0, 3.0, 967.0, 1000.0, 0.3696610891167902
33.0, 1.0, 1029.0, 1000.0, 0.3771805669400994
22.0, 8.0, 1050.0, 1000.0, 0.3606414052391118
20.0, 9.0, 976.0, 1000.0, 0.35694549162984524
28.0, 5.0, 980.0, 1000.0, 0.35755462277865346
25.0, 4.0, 1007.0, 1000.0, 0.36223009275742524
29.0, 4.0, 962.0, 1000.0, 0.36513449340243237
29.0, 4.0, 993.0, 1000.0, 0.35910631786290326
29.0, 2.0, 995.0, 1000.0, 0.36506616435039485
22.0, 3.0, 997.0, 1000.0, 0.37074818006637367
27.0, 3.0, 949.0, 1000.0, 0.37391442425094046
27.0, 7.0, 946.0, 1000.0, 0.35855734989095833
22.0, 5.0, 970.0, 1000.0, 0.3633002594819453
26.0, 3.0, 1010.0, 1000.0, 0.36789173314180945
21.0, 3.0, 955.0, 1000.0, 0.3753434318291706
26.0, 3.0, 1008.0, 1000.0, 0.3696271876459597
23.0, 5.0, 971.0, 1000.0, 0.3583304001580103
27.0, 2.0, 1036.0, 1000.0, 0.3717037622462423
16.0, 5.0, 904.0, 1000.0, 0.3633170470815502
21.0, 3.0, 1022.0, 1000.0, 0.3673078716789244
13.0, 8.0, 950.0, 1000.0, 0.37394209171195125
19.0, 4.0, 952.0, 1000.0, 0.38244581165993163
20.0, 7.0, 978.0, 1000.0, 0.36298247229613645
24.0, 11.0, 918.0, 1000.0, 0.3601736779062922
22.0, 9.0, 1034.0, 1000.0, 0.3559797362872502
21.0, 3.0, 943.0, 1000.0, 0.3811109569763143
17.0, 9.0, 923.0, 1000.0, 0.3633002594819453
27.0, 3.0, 951.0, 1000.0, 0.3727258852213706
18.0, 4.0, 987.0, 1000.0, 0.37557837541793293
29.0, 3.0, 997.0, 1000.0, 0.35860935646840747
16.0, 9.0, 976.0, 1000.0, 0.3617629424511071
29.0, 4.0, 998.0, 1000.0, 0.355269828378037
26.0, 2.0, 989.0, 1000.0, 0.3752907339136473
33.0, 2.0, 982.0, 1000.0, 0.3752907339136473
14.0, 7.0, 973.0, 1000.0, 0.3804812143334071
21.0, 11.0, 959.0, 1000.0, 0.3601736779062922

17.0, 8.0, 992.0, 1000.0, 0.36135321649943647
19.0, 10.0, 965.0, 1000.0, 0.3601964266730492
16.0, 7.0, 942.0, 1000.0, 0.37581548698233413
11.0, 6.0, 971.0, 1000.0, 0.3747241743280907
26.0, 2.0, 1019.0, 1000.0, 0.373314431472084
19.0, 10.0, 973.0, 1000.0, 0.35950930729109826
16.0, 6.0, 966.0, 1000.0, 0.3797398898509183
29.0, 3.0, 1013.0, 1000.0, 0.3657233643640573
19.0, 9.0, 936.0, 1000.0, 0.3633002594819453
20.0, 7.0, 965.0, 1000.0, 0.36884639450577905
17.0, 5.0, 945.0, 1000.0, 0.3726744907930817
19.0, 6.0, 982.0, 1000.0, 0.36554715811847843
26.0, 10.0, 964.0, 1000.0, 0.3576460905717205
20.0, 9.0, 963.0, 1000.0, 0.3577255968850067
21.0, 4.0, 932.0, 1000.0, 0.3726744907930817
20.0, 8.0, 971.0, 1000.0, 0.3551694866011541
13.0, 7.0, 961.0, 1000.0, 0.37657885746782227
27.0, 8.0, 926.0, 1000.0, 0.36554715811847843
21.0, 3.0, 946.0, 1000.0, 0.37657885746782227
21.0, 3.0, 1039.0, 1000.0, 0.3747241743280907
16.0, 5.0, 1030.0, 1000.0, 0.37290594624591233
12.0, 9.0, 935.0, 1000.0, 0.37846972943061596
26.0, 1.0, 1009.0, 1000.0, 0.3812613861665153
17.0, 4.0, 958.0, 1000.0, 0.3812613861665153
25.0, 5.0, 991.0, 1000.0, 0.3606077943696606
24.0, 8.0, 969.0, 1000.0, 0.3555371131729792
20.0, 7.0, 967.0, 1000.0, 0.3606077943696606
14.0, 6.0, 966.0, 1000.0, 0.3867756066292396
29.0, 5.0, 978.0, 1000.0, 0.36554715811847843
20.0, 8.0, 965.0, 1000.0, 0.3633002594819453
29.0, 4.0, 982.0, 1000.0, 0.3606077943696606
21.0, 6.0, 944.0, 1000.0, 0.3577255968850067
16.0, 6.0, 1030.0, 1000.0, 0.37282898803698805
27.0, 3.0, 986.0, 1000.0, 0.37391442425094046
21.0, 2.0, 971.0, 1000.0, 0.3752907339136473
23.0, 3.0, 988.0, 1000.0, 0.36850969724623656
27.0, 2.0, 1036.0, 1000.0, 0.3717037622462423
16.0, 9.0, 978.0, 1000.0, 0.3577255968850067
15.0, 10.0, 945.0, 1000.0, 0.3633002594819453
21.0, 5.0, 929.0, 1000.0, 0.3827301410120064
20.0, 3.0, 962.0, 1000.0, 0.384978664107098
29.0, 3.0, 993.0, 1000.0, 0.36572336436405734
19.0, 9.0, 934.0, 1000.0, 0.36969014001964917
33.0, 1.0, 1037.0, 1000.0, 0.3697277937694024
20.0, 3.0, 969.0, 1000.0, 0.3847991849573322
19.0, 4.0, 1002.0, 1000.0, 0.36572336436405734
22.0, 8.0, 1019.0, 1000.0, 0.35476942009331197
32.0, 6.0, 928.0, 1000.0, 0.37904850503356946
16.0, 8.0, 932.0, 1000.0, 0.37174577881237497
17.0, 6.0, 944.0, 1000.0, 0.37657885746782227
17.0, 3.0, 980.0, 1000.0, 0.3791997927048322
17.0, 7.0, 952.0, 1000.0, 0.3698973107360769
17.0, 7.0, 888.0, 1000.0, 0.3726744907930817
20.0, 8.0, 956.0, 1000.0, 0.36969014001964917
26.0, 9.0, 929.0, 1000.0, 0.36554715811847843
13.0, 10.0, 977.0, 1000.0, 0.3698973107360769
17.0, 6.0, 943.0, 1000.0, 0.38244581165993163
21.0, 2.0, 953.0, 1000.0, 0.3753434318291706

23.0, 5.0, 928.0, 1000.0, 0.3734948426298306
12.0, 6.0, 994.0, 1000.0, 0.3825222714950894
20.0, 8.0, 965.0, 1000.0, 0.3633002594819453
26.0, 1.0, 1009.0, 1000.0, 0.3812613861665153
25.0, 4.0, 972.0, 1000.0, 0.3678057553769467
17.0, 6.0, 936.0, 1000.0, 0.37657885746782227
33.0, 3.0, 967.0, 1000.0, 0.3696610891167902
22.0, 4.0, 977.0, 1000.0, 0.36850969724623656
23.0, 4.0, 928.0, 1000.0, 0.37671171300940776
20.0, 9.0, 914.0, 1000.0, 0.3601736779062922
33.0, 2.0, 1055.0, 1000.0, 0.3717037622462423
22.0, 8.0, 925.0, 1000.0, 0.37578654270757256
28.0, 6.0, 978.0, 1000.0, 0.3601736779062922
17.0, 8.0, 935.0, 1000.0, 0.3778967974053914
22.0, 10.0, 904.0, 1000.0, 0.36554715811847843
22.0, 8.0, 927.0, 1000.0, 0.37456208124251456
18.0, 9.0, 934.0, 1000.0, 0.37578654270757256
19.0, 5.0, 960.0, 1000.0, 0.3867756066292396
27.0, 4.0, 1020.0, 1000.0, 0.36329216467174485
17.0, 6.0, 1047.0, 1000.0, 0.37282898803698805
26.0, 8.0, 1010.0, 1000.0, 0.3542249702739747
20.0, 3.0, 969.0, 1000.0, 0.384978664107098
18.0, 5.0, 980.0, 1000.0, 0.36850969724623656
22.0, 8.0, 934.0, 1000.0, 0.3726744907930817
19.0, 6.0, 1028.0, 1000.0, 0.36754844908870254
20.0, 3.0, 966.0, 1000.0, 0.3867756066292396
23.0, 3.0, 950.0, 1000.0, 0.38244581165993163
21.0, 8.0, 983.0, 1000.0, 0.35476623991085443
19.0, 6.0, 937.0, 1000.0, 0.3734948426298306
17.0, 7.0, 942.0, 1000.0, 0.3726744907930817
17.0, 5.0, 1021.0, 1000.0, 0.3747241743280907
17.0, 7.0, 951.0, 1000.0, 0.37074818006637367
25.0, 3.0, 993.0, 1000.0, 0.36572336436405734
22.0, 5.0, 933.0, 1000.0, 0.38251451527607566
19.0, 5.0, 962.0, 1000.0, 0.3807659477548298
22.0, 5.0, 938.0, 1000.0, 0.3725718619171938
28.0, 6.0, 895.0, 1000.0, 0.36554715811847843
16.0, 10.0, 923.0, 1000.0, 0.3601736779062922
20.0, 6.0, 968.0, 1000.0, 0.3726394512870418
21.0, 2.0, 961.0, 1000.0, 0.3812613861665153
13.0, 7.0, 959.0, 1000.0, 0.37074818006637367
26.0, 6.0, 949.0, 1000.0, 0.37139306916450676
25.0, 7.0, 922.0, 1000.0, 0.37139306916450676
17.0, 7.0, 979.0, 1000.0, 0.36850969724623656
26.0, 3.0, 958.0, 1000.0, 0.3753434318291706
20.0, 5.0, 959.0, 1000.0, 0.3823613571630612
27.0, 1.0, 1030.0, 1000.0, 0.3752907339136473
22.0, 2.0, 1041.0, 1000.0, 0.37290594624591233
26.0, 4.0, 934.0, 1000.0, 0.3726744907930817
23.0, 3.0, 1029.0, 1000.0, 0.3708947573298225
12.0, 4.0, 970.0, 1000.0, 0.38437343808100616
22.0, 5.0, 935.0, 1000.0, 0.3767104588638038
25.0, 3.0, 1012.0, 1000.0, 0.36506616435039485
25.0, 3.0, 984.0, 1000.0, 0.3726394512870418
21.0, 5.0, 954.0, 1000.0, 0.3650320556251606
29.0, 3.0, 981.0, 1000.0, 0.36572336436405734
23.0, 5.0, 926.0, 1000.0, 0.37823258428099205
21.0, 2.0, 963.0, 1000.0, 0.3771805669400994
21.0, 7.0, 975.0, 1000.0, 0.36280569489460546
25.0, 5.0, 967.0, 1000.0, 0.3647413093917928
19.0, 6.0, 946.0, 1000.0, 0.37288479063417745
28.0, 5.0, 980.0, 1000.0, 0.35755462277865346
22.0, 7.0, 936.0, 1000.0, 0.3708947573298225
23.0, 4.0, 930.0, 1000.0, 0.37555579177861753
21.0, 2.0, 971.0, 1000.0, 0.3752907339136473
17.0, 4.0, 1026.0, 1000.0, 0.3747241743280907
20.0, 4.0, 992.0, 1000.0, 0.3823613571630612
33.0, 3.0, 960.0, 1000.0, 0.3708947573298225
26.0, 5.0, 919.0, 1000.0, 0.37578654270757256

17.0, 6.0, 966.0, 1000.0, 0.3753434318291706
23.0, 5.0, 997.0, 1000.0, 0.36186641177706974
21.0, 9.0, 979.0, 1000.0, 0.35901376483337266
16.0, 10.0, 979.0, 1000.0, 0.3601736779062922
19.0, 6.0, 982.0, 1000.0, 0.36554715811847843
21.0, 2.0, 970.0, 1000.0, 0.37933507543980727
13.0, 8.0, 961.0, 1000.0, 0.3698973107360769
22.0, 6.0, 975.0, 1000.0, 0.3622263340632417
21.0, 4.0, 945.0, 1000.0, 0.3726744907930817
14.0, 6.0, 966.0, 1000.0, 0.3867756066292396
13.0, 8.0, 897.0, 1000.0, 0.3726744907930817
27.0, 7.0, 994.0, 1000.0, 0.3598613826139533
22.0, 5.0, 1004.0, 1000.0, 0.36329216467174485
23.0, 5.0, 948.0, 1000.0, 0.36554715811847843
17.0, 7.0, 953.0, 1000.0, 0.37074818006637367
27.0, 1.0, 1027.0, 1000.0, 0.3752907339136473
20.0, 8.0, 967.0, 1000.0, 0.3617629424511071
20.0, 5.0, 970.0, 1000.0, 0.3792072861067764
27.0, 4.0, 1006.0, 1000.0, 0.3670569907417578
27.0, 4.0, 1021.0, 1000.0, 0.36408058518489916
25.0, 4.0, 1016.0, 1000.0, 0.36572336436405734
21.0, 4.0, 969.0, 1000.0, 0.3676292739692879
27.0, 8.0, 964.0, 1000.0, 0.36253623913137023
26.0, 2.0, 1019.0, 1000.0, 0.37115805801568447
25.0, 6.0, 998.0, 1000.0, 0.3525400886237399
27.0, 7.0, 970.0, 1000.0, 0.36280569489460546
21.0, 4.0, 964.0, 1000.0, 0.3696271876459597
26.0, 2.0, 1012.0, 1000.0, 0.37476109823535964
29.0, 5.0, 991.0, 1000.0, 0.3617629424511071
21.0, 2.0, 962.0, 1000.0, 0.3812613861665153
14.0, 7.0, 989.0, 1000.0, 0.384978664107098
26.0, 5.0, 1031.0, 1000.0, 0.3615248170022961
17.0, 7.0, 930.0, 1000.0, 0.3726744907930817
29.0, 4.0, 978.0, 1000.0, 0.36298247229613645
21.0, 7.0, 981.0, 1000.0, 0.36280569489460546
15.0, 8.0, 910.0, 1000.0, 0.3633002594819453
20.0, 9.0, 984.0, 1000.0, 0.3567597524577589
21.0, 2.0, 973.0, 1000.0, 0.3752907339136473
20.0, 6.0, 925.0, 1000.0, 0.368096616936698
22.0, 5.0, 959.0, 1000.0, 0.3633002594819453
18.0, 5.0, 967.0, 1000.0, 0.3867756066292396
16.0, 7.0, 917.0, 1000.0, 0.37657885746782227
17.0, 6.0, 935.0, 1000.0, 0.37657885746782227
27.0, 7.0, 996.0, 1000.0, 0.35834229751232827
20.0, 7.0, 942.0, 1000.0, 0.36298247229613645
16.0, 10.0, 981.0, 1000.0, 0.35855734989095833
27.0, 4.0, 944.0, 1000.0, 0.37456208124251456
27.0, 1.0, 1024.0, 1000.0, 0.37933507543980727
23.0, 4.0, 960.0, 1000.0, 0.3708947573298225
33.0, 2.0, 1046.0, 1000.0, 0.3682982703083948
27.0, 2.0, 1021.0, 1000.0, 0.3696271876459597
21.0, 3.0, 971.0, 1000.0, 0.36754844908870254
22.0, 6.0, 984.0, 1000.0, 0.3601964266730492
29.0, 6.0, 989.0, 1000.0, 0.35694549162984524
25.0, 6.0, 1000.0, 1000.0, 0.3511979572357779
27.0, 4.0, 1008.0, 1000.0, 0.36614927806146236
17.0, 3.0, 973.0, 1000.0, 0.37933507543980727
27.0, 3.0, 1023.0, 1000.0, 0.3621285237086993
28.0, 3.0, 983.0, 1000.0, 0.36572336436405734
21.0, 7.0, 1003.0, 1000.0, 0.35739346836551983
27.0, 4.0, 937.0, 1000.0, 0.37578654270757256
26.0, 10.0, 970.0, 1000.0, 0.360980029026734
21.0, 3.0, 937.0, 1000.0, 0.37657885746782227
28.0, 5.0, 958.0, 1000.0, 0.36280569489460546
23.0, 5.0, 929.0, 1000.0, 0.3778967974053914
29.0, 4.0, 964.0, 1000.0, 0.36513449340243237
16.0, 7.0, 1003.0, 1000.0, 0.3710688111349837

19.0, 9.0, 950.0, 1000.0, 0.3577255968850067
33.0, 2.0, 1111.0, 1000.0, 0.3717037622462423
12.0, 10.0, 931.0, 1000.0, 0.368096616936698
21.0, 6.0, 944.0, 1000.0, 0.3577255968850067
17.0, 3.0, 980.0, 1000.0, 0.3812613861665153
16.0, 6.0, 944.0, 1000.0, 0.3705210259072419
20.0, 2.0, 1023.0, 1000.0, 0.3786845909267359
27.0, 5.0, 947.0, 1000.0, 0.368212911972548
13.0, 6.0, 952.0, 1000.0, 0.3771805669400994
27.0, 3.0, 963.0, 1000.0, 0.37391442425094046
26.0, 1.0, 1009.0, 1000.0, 0.3812613861665153
16.0, 7.0, 918.0, 1000.0, 0.3708947573298225
13.0, 6.0, 969.0, 1000.0, 0.3752907339136473
22.0, 3.0, 974.0, 1000.0, 0.36850969724623656
26.0, 9.0, 925.0, 1000.0, 0.3577255968850067
21.0, 2.0, 962.0, 1000.0, 0.3752907339136473
20.0, 8.0, 981.0, 1000.0, 0.35755462277865346
33.0, 2.0, 998.0, 1000.0, 0.3735066389292546
21.0, 3.0, 937.0, 1000.0, 0.37657885746782227
22.0, 5.0, 983.0, 1000.0, 0.36186641177706974
26.0, 10.0, 990.0, 1000.0, 0.35186378937505214
33.0, 3.0, 1025.0, 1000.0, 0.36502378636600163
19.0, 8.0, 952.0, 1000.0, 0.3576712586985936
16.0, 7.0, 953.0, 1000.0, 0.3651372870517796
29.0, 4.0, 966.0, 1000.0, 0.36135321649943647
15.0, 7.0, 920.0, 1000.0, 0.36850969724623656
12.0, 8.0, 927.0, 1000.0, 0.3708947573298225
26.0, 2.0, 1019.0, 1000.0, 0.3735066389292546
13.0, 7.0, 949.0, 1000.0, 0.3771805669400994
26.0, 5.0, 951.0, 1000.0, 0.3683489682943796
26.0, 9.0, 914.0, 1000.0, 0.3601736779062922
17.0, 4.0, 919.0, 1000.0, 0.36850969724623656
28.0, 4.0, 995.0, 1000.0, 0.3606414052391118
21.0, 3.0, 960.0, 1000.0, 0.3753434318291706
17.0, 7.0, 953.0, 1000.0, 0.3577255968850067
14.0, 8.0, 934.0, 1000.0, 0.3633170470815502
26.0, 2.0, 949.0, 1000.0, 0.3753434318291706
27.0, 5.0, 949.0, 1000.0, 0.3652779056761618
11.0, 8.0, 928.0, 1000.0, 0.36850969724623656
22.0, 4.0, 990.0, 1000.0, 0.36303265570399634
17.0, 6.0, 968.0, 1000.0, 0.36754844908870254
29.0, 3.0, 935.0, 1000.0, 0.36850969724623656
26.0, 3.0, 988.0, 1000.0, 0.36730811962714094
18.0, 10.0, 918.0, 1000.0, 0.3577255968850067
33.0, 1.0, 978.0, 1000.0, 0.3752907339136473
21.0, 5.0, 968.0, 1000.0, 0.3625439771359777
19.0, 9.0, 952.0, 1000.0, 0.35604106869276064

28.0, 7.0, 937.0, 1000.0, 0.37391442425094046
17.0, 9.0, 988.0, 1000.0, 0.36554715811847843
26.0, 3.0, 995.0, 1000.0, 0.36730811962714094
25.0, 4.0, 971.0, 1000.0, 0.36267108087101274
21.0, 2.0, 961.0, 1000.0, 0.37933507543980727
24.0, 3.0, 954.0, 1000.0, 0.384978664107098
13.0, 7.0, 961.0, 1000.0, 0.37657885746782227
20.0, 8.0, 956.0, 1000.0, 0.36554715811847843
12.0, 6.0, 967.0, 1000.0, 0.3825222714950894
17.0, 8.0, 990.0, 1000.0, 0.36280569489460546
17.0, 7.0, 953.0, 1000.0, 0.37140056256645093
13.0, 8.0, 957.0, 1000.0, 0.3871281524595399
20.0, 3.0, 960.0, 1000.0, 0.384978664107098
26.0, 3.0, 957.0, 1000.0, 0.37865943335107866
20.0, 4.0, 950.0, 1000.0, 0.37668351231013153
19.0, 5.0, 1011.0, 1000.0, 0.37022284625306745
20.0, 3.0, 1017.0, 1000.0, 0.3747241743280907
17.0, 10.0, 988.0, 1000.0, 0.35901376483337266
16.0, 10.0, 997.0, 1000.0, 0.3601736779062922
27.0, 4.0, 943.0, 1000.0, 0.3726744907930817
19.0, 6.0, 982.0, 1000.0, 0.36554715811847843
26.0, 3.0, 958.0, 1000.0, 0.3771805669400994
17.0, 6.0, 903.0, 1000.0, 0.3771805669400994
21.0, 4.0, 945.0, 1000.0, 0.3726744907930817
19.0, 8.0, 973.0, 1000.0, 0.37074818006637367
23.0, 3.0, 1018.0, 1000.0, 0.36287094394574493
22.0, 5.0, 933.0, 1000.0, 0.38251451527607566
21.0, 3.0, 960.0, 1000.0, 0.3753434318291706
25.0, 6.0, 931.0, 1000.0, 0.37578654270757256
19.0, 4.0, 992.0, 1000.0, 0.3747241743280907
16.0, 10.0, 999.0, 1000.0, 0.35855734989095833
27.0, 1.0, 1042.0, 1000.0, 0.37290594624591233
23.0, 3.0, 1007.0, 1000.0, 0.3655968070982535
16.0, 5.0, 954.0, 1000.0, 0.38155566931093915
26.0, 1.0, 1010.0, 1000.0, 0.3790541289380002
33.0, 4.0, 959.0, 1000.0, 0.36809661693669793
32.0, 4.0, 931.0, 1000.0, 0.37391442425094046
11.0, 6.0, 980.0, 1000.0, 0.3747241743280907
18.0, 9.0, 934.0, 1000.0, 0.37578654270757256
23.0, 4.0, 997.0, 1000.0, 0.36850969724623656
19.0, 5.0, 956.0, 1000.0, 0.3806193969269622
21.0, 2.0, 962.0, 1000.0, 0.3735066389292546
18.0, 10.0, 968.0, 1000.0, 0.37139306916450676
26.0, 3.0, 1003.0, 1000.0, 0.3654426685321802
26.0, 3.0, 997.0, 1000.0, 0.36607445141410866
33.0, 1.0, 1039.0, 1000.0, 0.3771278182112922
27.0, 9.0, 935.0, 1000.0, 0.36965333289777647
27.0, 2.0, 1018.0, 1000.0, 0.37282898803698805
26.0, 2.0, 1019.0, 1000.0, 0.36991966726184966
12.0, 5.0, 961.0, 1000.0, 0.38437343808100616
21.0, 5.0, 936.0, 1000.0, 0.3813719106812731
17.0, 4.0, 963.0, 1000.0, 0.3753434318291706
17.0, 7.0, 938.0, 1000.0, 0.3726744907930817
21.0, 5.0, 938.0, 1000.0, 0.3537080938960946
22.0, 4.0, 957.0, 1000.0, 0.3717037622462423
19.0, 5.0, 953.0, 1000.0, 0.3807659477548298
16.0, 6.0, 954.0, 1000.0, 0.3740967888464707
