0.5	0.125	0.3125
0	1	0.35
0.0714285714285714	0.75	0.6
0.285714285714286	0.875	0.25625
0.428571428571429	0.25	0.125
0.357142857142857	0.375	0.13125
0	0.875	0.475
0.285714285714286	0.5	0.31875
0.785714285714286	0	0.30625
0.714285714285714	0.125	0.15625
		
0	0.875	0.6625
0.642857142857143	0.25	0.4
0.285714285714286	0.5	0.275
0.785714285714286	0	0.575
0.714285714285714	0.125	0.45625
0.5	0.125	0.54375
0.0714285714285714	0.75	0.69375
0.142857142857143	0.625	0.7625
0.428571428571429	0.25	0.425
0.357142857142857	0.375	0.3625
0.571428571428571	0.375	0.30625
		
0.571428571428571	0.375	0.03125
0.714285714285714	0.125	0.38125
0	0.875	0.61875
0.0714285714285714	0.75	0.3875
0.428571428571429	0.25	0.35
0.285714285714286	0.5	0
0.357142857142857	0.375	0.10625
0.5	0.125	0.50625
0.642857142857143	0.25	0.1375
0.785714285714286	0	0.5375
0.142857142857143	0.625	0.65625
		
0	0.875	0.275
0.285714285714286	0.5	0.1875
0.0714285714285714	0.75	0.46875
0.5	0.125	0.49375
0	1	0.24375
0.642857142857143	0.25	0.3
0.142857142857143	0.625	0.63125
0.714285714285714	0.125	0.41875
0.357142857142857	0.375	0.26875
0.785714285714286	0	0.5125
0.571428571428571	0.375	0.2125
0.428571428571429	0.25	0.3875
		
0.5	0.125	0.6
0.5	0.5	0.14375
0.714285714285714	0.125	0.44375
0.357142857142857	0.375	0.30625
0.642857142857143	0.25	0.34375
0.785714285714286	0	0.63125
0.285714285714286	0.5	0.38125
0.785714285714286	0.375	0.175
0.428571428571429	0.25	0.40625
		
0.0714285714285714	0.875	0.7375
0.214285714285714	0.625	1
0.785714285714286	0	0.58125
0.142857142857143	0.875	0.73125
0.357142857142857	0.375	0.25
0.285714285714286	0.5	0.3
0.642857142857143	0.25	0.3
0.428571428571429	0.25	0.425
0.5	0.125	0.54375
0.142857142857143	0.75	0.85
0.714285714285714	0.125	0.4625
		
0.357142857142857	0.375	0.28125
0.5	0.125	0.4875
0.428571428571429	0.25	0.375
0	0.875	0.4625
0.785714285714286	0	0.5125
0.0714285714285714	0.75	0.6
0.285714285714286	0.5	0.325
0.642857142857143	0.25	0.31875
0.714285714285714	0.125	0.4125
0.142857142857143	0.625	0.68125
		
0.285714285714286	0.5	0.325
0.785714285714286	0	0.525
0.714285714285714	0.125	0.4125
0.642857142857143	0.25	0.3125
0.5	0.125	0.49375
0.357142857142857	0.375	0.28125
0.428571428571429	0.25	0.38125
		
0.357142857142857	0.375	0.2875
0.642857142857143	0.25	0.31875
0.285714285714286	0.5	0.34375
0.785714285714286	0	0.6125
0.5	0.125	0.56875
0.714285714285714	0.125	0.49375
0.428571428571429	0.25	0.45625
		
0.428571428571429	0.25	0.3875
0.714285714285714	0.125	0.41875
0.357142857142857	0.375	0.28125
0.5	0.125	0.50625
0.642857142857143	0.25	0.3125
0.285714285714286	0.5	0.325
0.785714285714286	0	0.5375
		
0.642857142857143	0.25	0.33125
0.5	0.125	0.55
0.0714285714285714	0.75	0.59375
0	0.875	0.6375
0.357142857142857	0.375	0.31875
0.714285714285714	0.125	0.45625
0.214285714285714	0.625	0.78125
0.285714285714286	0.5	0.375
0.785714285714286	0	0.56875
0.428571428571429	0.25	0.43125
		
0.357142857142857	0.75	0.625
0.857142857142857	0.375	0.4625
0.428571428571429	0.75	0.5625
0.0714285714285714	0.875	0.575
0.5	0.5	0.48125
0.428571428571429	0.625	0.8125
0.142857142857143	0.75	0.78125
0.571428571428571	0.375	0.56875
0.214285714285714	0.625	0.9875
0.642857142857143	0.25	0.75625
0.214285714285714	0.75	0.76875
0.928571428571429	0.125	0.7875
0.785714285714286	0.375	0.5125
1	0.125	0.73125
0.142857142857143	0.875	0.55
0.571428571428571	0.5	0.43125
0.928571428571429	0.25	0.56875
0.714285714285714	0.25	0.7
		
0.714285714285714	0.125	0.46875
0.357142857142857	0.375	0.2375
0.285714285714286	0.5	0.08125
0.642857142857143	0.25	0.26875
0.571428571428571	0.375	0.10625
0.785714285714286	0	0.6
0.5	0.125	0.56875
0.428571428571429	0.25	0.4375
		
0.285714285714286	0.625	0.33125
0.5	0.125	0.55625
0.357142857142857	0.375	0.28125
0	0.875	0.6
0.142857142857143	0.625	0.69375
0.714285714285714	0.125	0.43125
0.285714285714286	0.5	0.4
0.0714285714285714	0.75	0.575
0.642857142857143	0.25	0.3
0.785714285714286	0	0.575
0.428571428571429	0.25	0.4125
		
0.5	0.125	0.49375
0.785714285714286	0	0.525
0.642857142857143	0.25	0.30625
0.285714285714286	0.5	0.34375
0.714285714285714	0.125	0.40625
0.428571428571429	0.25	0.375
0.5	0.5	0.2625
0.357142857142857	0.375	0.275
		
0.285714285714286	0.5	0.3625
0.428571428571429	0.25	0.425
0.642857142857143	0.25	0.35
0.857142857142857	0	0.6875
0.714285714285714	0.125	0.45625
0.357142857142857	0.375	0.31875
0.571428571428571	0.125	0.65
		
0.357142857142857	0.375	0.2875
0.428571428571429	0.25	0.38125
0.285714285714286	0.5	0.34375
0	0.875	0.6375
0.642857142857143	0.25	0.31875
0.0714285714285714	0.75	0.69375
0.5	0.125	0.5125
0.785714285714286	0	0.54375
0.714285714285714	0.125	0.4125
		
0.785714285714286	0	0.575
0.285714285714286	0.5	0.35
0.357142857142857	0.375	0.26875
0.642857142857143	0.25	0.3
0.714285714285714	0.125	0.39375
0.5	0.125	0.54375
0.0714285714285714	0.75	0.55625
0.428571428571429	0.25	0.3625
0.214285714285714	0.5	0.8
0	0.875	0.6
0.142857142857143	0.625	0.65625
		
0.285714285714286	0.5	0.13125
0.357142857142857	0.375	0.35625
0.714285714285714	0.125	0.575
0.571428571428571	0.375	0.16875
0.428571428571429	0.25	0.525
		
0.0714285714285714	0.875	0.65625
0.714285714285714	0.125	0.625
0.285714285714286	0.5	0.48125
0.428571428571429	0.25	0.5875
0.214285714285714	0.75	0.81875
0.785714285714286	0	0.6625
0.5	0.125	0.64375
0.642857142857143	0.25	0.475
0.357142857142857	0.375	0.44375
0.142857142857143	0.875	0.6125
		
0.357142857142857	0.375	0.28125
0.785714285714286	0	0.525
0.428571428571429	0.25	0.375
0.642857142857143	0.25	0.3125
0.285714285714286	0.5	0.325
0.714285714285714	0.125	0.40625
0.5	0.125	0.49375
		
0.5	0.25	0.73125
0.285714285714286	0.5	0
0.642857142857143	0.25	0.13125
0.357142857142857	0.375	0.1
0.571428571428571	0.375	0.03125
0.571428571428571	0.125	0.6875
0.714285714285714	0.125	0.23125
0.857142857142857	0	0.73125
		
0.5	0.125	0.5125
0.285714285714286	0.625	0.3125
0.285714285714286	0.5	0.325
0.714285714285714	0.125	0.4375
0.357142857142857	0.5	0.26875
0.428571428571429	0.25	0.4
0.642857142857143	0.25	0.3125
0.357142857142857	0.375	0.28125
0.785714285714286	0	0.55
		
0.285714285714286	0.5	0.2875
0.785714285714286	0.125	0.475
0.857142857142857	0	0.73125
0.642857142857143	0.25	0.35
0.357142857142857	0.375	0.31875
0.571428571428571	0.125	0.7
0.0714285714285714	0.875	0.5875
0.5	0.25	0.44375
0.142857142857143	0.875	0.54375
		
0.5	0.25	0.48125
0.285714285714286	0.5	0.325
0.642857142857143	0.25	0.3125
0.785714285714286	0.125	0.5125
0.357142857142857	0.375	0.28125
		
0.714285714285714	0.125	0.41875
0.142857142857143	0.625	0.75
0.642857142857143	0.25	0.3125
0.214285714285714	0.5	0.84375
0.571428571428571	0.125	0.625
0.285714285714286	0.5	0.325
0.428571428571429	0.25	0.3875
0.857142857142857	0	0.64375
0.357142857142857	0.375	0.28125
0.142857142857143	0.75	0.61875
0.0714285714285714	0.75	0.625
		
0.428571428571429	0.25	0.375
0.642857142857143	0.25	0.3
0.285714285714286	0.5	0.3125
0.5	0.125	0.475
0.785714285714286	0	0.50625
0.714285714285714	0.125	0.40625
0.357142857142857	0.375	0.26875
		
0.642857142857143	0.25	0.16875
0.571428571428571	0.375	0.0625
0.357142857142857	0.375	0.1375
0.285714285714286	0.5	0.03125
0.428571428571429	0.25	0.28125
0.714285714285714	0.125	0.2875
		
0.714285714285714	0.125	0.44375
0.428571428571429	0.25	0.4125
0.285714285714286	0.5	0.2125
0.357142857142857	0.375	0.2875
0.214285714285714	0.5	0.8375
0.785714285714286	0	0.59375
0	0.875	0.61875
0.142857142857143	0.625	0.64375
0.571428571428571	0.375	0.1875
0.5	0.125	0.58125
0.642857142857143	0.25	0.31875
		
0.785714285714286	0	0.575
0.714285714285714	0.125	0.45
0.285714285714286	0.5	0.3625
0.357142857142857	0.375	0.31875
0.428571428571429	0.25	0.41875
0.5	0.125	0.54375
0.642857142857143	0.25	0.35

