0.285714285714286	0.444444444444444	0.159090909090909
0.714285714285714	0.111111111111111	0.46969696969697
0	0.777777777777778	0.590909090909091
0.0714285714285714	0.777777777777778	0.5
0.0714285714285714	0.666666666666667	0.765151515151515
0.142857142857143	0.666666666666667	0.696969696969697
0.428571428571429	0.222222222222222	0.431818181818182
0.357142857142857	0.333333333333333	0.28030303030303
0.571428571428571	0.333333333333333	0.174242424242424
0.642857142857143	0.222222222222222	0.325757575757576
		
0.285714285714286	0.555555555555556	0.166666666666667
0	0.777777777777778	0.333333333333333
0.642857142857143	0.111111111111111	0.484848484848485
0	0.888888888888889	0.295454545454545
0.285714285714286	0.444444444444444	0.196969696969697
0.357142857142857	0.222222222222222	0.28030303030303
		
0	0.777777777777778	0.196969696969697
0.0714285714285714	0.666666666666667	0.5
0.285714285714286	0.444444444444444	0.0757575757575758
0.571428571428571	0.333333333333333	0.0757575757575758
0.285714285714286	0.555555555555556	0
0.357142857142857	0.333333333333333	0.272727272727273
0.571428571428571	0.444444444444444	0.00757575757575758
0.142857142857143	0.555555555555556	0.636363636363636
0.428571428571429	0.222222222222222	0.409090909090909
0.642857142857143	0.222222222222222	0.28030303030303
0.714285714285714	0.111111111111111	0.378787878787879
		
0	0.777777777777778	0.704545454545455
0.714285714285714	0.111111111111111	0.689393939393939
0.357142857142857	0.444444444444444	0.287878787878788
0.214285714285714	0.666666666666667	0.901515151515151
0.0714285714285714	0.777777777777778	0.628787878787879
0.785714285714286	0.111111111111111	0.598484848484848
0.642857142857143	0.333333333333333	0.295454545454545
0.428571428571429	0.222222222222222	0.727272727272727
0.285714285714286	0.444444444444444	0.416666666666667
0.357142857142857	0.333333333333333	0.477272727272727
0.5	0.222222222222222	0.560606060606061
0.714285714285714	0.222222222222222	0.409090909090909
0.642857142857143	0.222222222222222	0.515151515151515
0.428571428571429	0.333333333333333	0.378787878787879
		
0.714285714285714	0.111111111111111	0.454545454545455
0	0.777777777777778	0.28030303030303
0.285714285714286	0.444444444444444	0.0984848484848485
0.142857142857143	0.555555555555556	0.560606060606061
0.571428571428571	0.333333333333333	0.121212121212121
0.357142857142857	0.333333333333333	0.25
0.428571428571429	0.222222222222222	0.424242424242424
0.0714285714285714	0.666666666666667	0.401515151515152
0.642857142857143	0.222222222222222	0.303030303030303
		
0	0.777777777777778	0.681818181818182
0.214285714285714	0.222222222222222	0.174242424242424
0.142857142857143	0.222222222222222	0.21969696969697
0.214285714285714	0.333333333333333	0.136363636363636
0.214285714285714	0.111111111111111	0.356060606060606
0.142857142857143	0.333333333333333	0.196969696969697
		
0.714285714285714	0.111111111111111	0.909090909090909
0	0.777777777777778	0.765151515151515
0.642857142857143	0.333333333333333	0.431818181818182
0.785714285714286	0.111111111111111	0.787878787878788
0.0714285714285714	0.777777777777778	0.643939393939394
0.214285714285714	0.666666666666667	0.901515151515151
0.428571428571429	0.222222222222222	0.878787878787879
0.357142857142857	0.444444444444444	0.454545454545455
0.285714285714286	0.444444444444444	0.537878787878788
0.714285714285714	0.222222222222222	0.674242424242424
0.5	0.222222222222222	0.795454545454545
0.428571428571429	0.333333333333333	0.636363636363636
0.357142857142857	0.333333333333333	0.689393939393939
0.571428571428571	0.333333333333333	0.492424242424242
0.642857142857143	0.222222222222222	0.71969696969697
		
0	0.777777777777778	0.583333333333333
0.357142857142857	0	0.734848484848485
0.142857142857143	0.222222222222222	0.295454545454545
0.214285714285714	0.111111111111111	0.492424242424242
0.285714285714286	0.111111111111111	0.401515151515152
0.0714285714285714	0.777777777777778	0.484848484848485
		
1	0.111111111111111	0.825757575757576
0.357142857142857	0.444444444444444	0.356060606060606
0.285714285714286	0.444444444444444	0.371212121212121
0.714285714285714	0.222222222222222	0.583333333333333
0.642857142857143	0.222222222222222	0.674242424242424
0.642857142857143	0.333333333333333	0.424242424242424
0.357142857142857	0.333333333333333	0.628787878787879
0.428571428571429	0.333333333333333	0.560606060606061
0.571428571428571	0.333333333333333	0.431818181818182
		
0.714285714285714	0.111111111111111	0.757575757575758
0.357142857142857	0.444444444444444	0.386363636363636
0	0.888888888888889	0.75
0.0714285714285714	0.888888888888889	0.666666666666667
0.214285714285714	0.666666666666667	0.893939393939394
0.785714285714286	0.111111111111111	0.666666666666667
0.642857142857143	0.333333333333333	0.393939393939394
0.571428571428571	0.333333333333333	0.484848484848485
0.0714285714285714	0.777777777777778	0.681818181818182
0.428571428571429	0.222222222222222	0.712121212121212
0.285714285714286	0.444444444444444	0.5
0.357142857142857	0.333333333333333	0.621212121212121
0.714285714285714	0.222222222222222	0.560606060606061
0.428571428571429	0.333333333333333	0.515151515151515
0.5	0.222222222222222	0.643939393939394
0.642857142857143	0.222222222222222	0.628787878787879
		
0	0.777777777777778	0.636363636363636
0.714285714285714	0.111111111111111	0.5
0.285714285714286	0.444444444444444	0.181818181818182
0.0714285714285714	0.777777777777778	0.545454545454545
0.214285714285714	0.666666666666667	0.787878787878788
0.642857142857143	0.222222222222222	0.325757575757576
0.428571428571429	0.222222222222222	0.462121212121212
0.357142857142857	0.333333333333333	0.325757575757576
		
1	0.111111111111111	1
0	0.777777777777778	0.659090909090909
0.357142857142857	0.555555555555556	0.386363636363636
0.0714285714285714	0.777777777777778	0.568181818181818
0.214285714285714	0.666666666666667	0.833333333333333
0.714285714285714	0.222222222222222	0.651515151515152
0.285714285714286	0.444444444444444	0.545454545454545
0.642857142857143	0.333333333333333	0.46969696969697
0.357142857142857	0.444444444444444	0.431818181818182
0.357142857142857	0.333333333333333	0.704545454545455
0.428571428571429	0.333333333333333	0.606060606060606
0.642857142857143	0.222222222222222	0.712121212121212
0.571428571428571	0.333333333333333	0.553030303030303
		
0.785714285714286	0.111111111111111	0.840909090909091
0.357142857142857	0.444444444444444	0.371212121212121
0	0.777777777777778	0.689393939393939
0.0714285714285714	0.777777777777778	0.666666666666667
0.214285714285714	0.666666666666667	0.840909090909091
0.5	0.222222222222222	0.75
0.714285714285714	0.222222222222222	0.515151515151515
0.285714285714286	0.444444444444444	0.454545454545455
0.357142857142857	0.333333333333333	0.583333333333333
0.642857142857143	0.333333333333333	0.431818181818182
0.642857142857143	0.222222222222222	0.621212121212121
0.571428571428571	0.333333333333333	0.492424242424242
0.428571428571429	0.333333333333333	0.545454545454545
		
0	0.777777777777778	0.651515151515152
0.357142857142857	0.444444444444444	0.446969696969697
1	0.111111111111111	0.939393939393939
0.0714285714285714	0.777777777777778	0.590909090909091
0.714285714285714	0.222222222222222	0.568181818181818
0.642857142857143	0.222222222222222	0.681818181818182
0.0714285714285714	0.666666666666667	0.810606060606061
0.142857142857143	0.666666666666667	0.71969696969697
0.285714285714286	0.444444444444444	0.484848484848485
0.428571428571429	0.333333333333333	0.53030303030303
0.642857142857143	0.333333333333333	0.484848484848485
0.357142857142857	0.333333333333333	0.643939393939394
		
0.714285714285714	0.111111111111111	0.439393939393939
0.571428571428571	0.333333333333333	0.0909090909090909
0.285714285714286	0.444444444444444	0.053030303030303
0.357142857142857	0.333333333333333	0.204545454545455
0.642857142857143	0.222222222222222	0.242424242424242
0.428571428571429	0.222222222222222	0.393939393939394
		
0.357142857142857	0.444444444444444	0.393939393939394
0	0.777777777777778	0.628787878787879
0.142857142857143	0.666666666666667	0.712121212121212
0.714285714285714	0.111111111111111	0.712121212121212
0.0714285714285714	0.777777777777778	0.545454545454545
0.714285714285714	0.222222222222222	0.598484848484848
0.285714285714286	0.444444444444444	0.484848484848485
0.428571428571429	0.222222222222222	0.704545454545455
0.571428571428571	0.333333333333333	0.5
0.642857142857143	0.333333333333333	0.431818181818182
0.428571428571429	0.333333333333333	0.560606060606061
0.357142857142857	0.333333333333333	0.568181818181818
0.642857142857143	0.222222222222222	0.628787878787879
		
0.714285714285714	0.111111111111111	0.856060606060606
0.357142857142857	0.444444444444444	0.409090909090909
0	1	0.946969696969697
0	0.888888888888889	0.962121212121212
0.785714285714286	0.111111111111111	0.727272727272727
0.0714285714285714	1	0.878787878787879
0.214285714285714	0.666666666666667	0.901515151515151
0.285714285714286	0.444444444444444	0.515151515151515
0.642857142857143	0.333333333333333	0.446969696969697
0.428571428571429	0.222222222222222	0.734848484848485
0.142857142857143	0.777777777777778	0.696969696969697
0.5	0.222222222222222	0.71969696969697
0.357142857142857	0.333333333333333	0.590909090909091
0.714285714285714	0.222222222222222	0.583333333333333
0.0714285714285714	0.888888888888889	0.893939393939394
0.642857142857143	0.222222222222222	0.651515151515152
0.428571428571429	0.333333333333333	0.545454545454545
		
0.285714285714286	0.444444444444444	0.159090909090909
0	0.777777777777778	0.643939393939394
0.714285714285714	0.111111111111111	0.909090909090909
0.0714285714285714	0.777777777777778	0.537878787878788
0.785714285714286	0.111111111111111	0.840909090909091
0.571428571428571	0.333333333333333	0.174242424242424
0.142857142857143	0.666666666666667	0.674242424242424
0.0714285714285714	0.666666666666667	0.840909090909091
0.357142857142857	0.333333333333333	0.803030303030303
0.714285714285714	0.222222222222222	0.477272727272727
0.428571428571429	0.222222222222222	0.901515151515151
0.642857142857143	0.222222222222222	0.818181818181818
0.5	0.222222222222222	0.840909090909091
0.428571428571429	0.333333333333333	0.477272727272727
		
0.571428571428571	0.444444444444444	0.227272727272727
0	0.777777777777778	0.674242424242424
0.714285714285714	0.111111111111111	0.893939393939394
0.0714285714285714	0.777777777777778	0.628787878787879
0.785714285714286	0.111111111111111	0.863636363636364
0.142857142857143	0.555555555555556	0.992424242424242
0.285714285714286	0.555555555555556	0.303030303030303
0.357142857142857	0.444444444444444	0.477272727272727
0.642857142857143	0.333333333333333	0.515151515151515
0.428571428571429	0.222222222222222	0.893939393939394
0.142857142857143	0.666666666666667	0.765151515151515
0.5	0.222222222222222	0.765151515151515
0.285714285714286	0.444444444444444	0.545454545454545
0.357142857142857	0.333333333333333	0.659090909090909
0.642857142857143	0.222222222222222	0.636363636363636
0.214285714285714	0.555555555555556	0.833333333333333
0.0714285714285714	0.666666666666667	0.833333333333333
0.428571428571429	0.333333333333333	0.606060606060606
0.571428571428571	0.333333333333333	0.583333333333333
		
0.714285714285714	0.111111111111111	0.886363636363636
0	0.777777777777778	0.674242424242424
0.285714285714286	0.444444444444444	0.333333333333333
0.0714285714285714	0.777777777777778	0.606060606060606
0.785714285714286	0.111111111111111	0.787878787878788
0.571428571428571	0.333333333333333	0.371212121212121
0.214285714285714	0.666666666666667	0.871212121212121
0.357142857142857	0.333333333333333	0.696969696969697
0.428571428571429	0.222222222222222	0.848484848484848
0.5	0.222222222222222	0.78030303030303
0.642857142857143	0.222222222222222	0.712121212121212
0.714285714285714	0.222222222222222	0.666666666666667
0.428571428571429	0.333333333333333	0.628787878787879
		
0.357142857142857	0.333333333333333	0.484848484848485
0	1	0.78030303030303
0.785714285714286	0	0.810606060606061
0	0.888888888888889	0.840909090909091
0.5	0.111111111111111	0.636363636363636
0.285714285714286	0.333333333333333	0.553030303030303
0.428571428571429	0.111111111111111	0.765151515151515
0.428571428571429	0.222222222222222	0.583333333333333
0.357142857142857	0.222222222222222	0.659090909090909
		
0.642857142857143	0.111111111111111	0.46969696969697
0	0.777777777777778	0.659090909090909
0.285714285714286	0.333333333333333	0.303030303030303
0.0714285714285714	0.777777777777778	0.590909090909091
0.214285714285714	0.666666666666667	0.787878787878788
0.357142857142857	0.222222222222222	0.431818181818182
0.571428571428571	0.222222222222222	0.318181818181818
		
0	0.777777777777778	0.674242424242424
0.357142857142857	0.444444444444444	0.477272727272727
1	0.111111111111111	0.954545454545455
0.0714285714285714	0.777777777777778	0.613636363636364
0.714285714285714	0.222222222222222	0.681818181818182
0.0714285714285714	0.666666666666667	0.848484848484848
0.285714285714286	0.444444444444444	0.568181818181818
0.642857142857143	0.333333333333333	0.507575757575758
0.142857142857143	0.666666666666667	0.765151515151515
0.357142857142857	0.333333333333333	0.75
0.571428571428571	0.333333333333333	0.606060606060606
0.642857142857143	0.222222222222222	0.787878787878788
0.428571428571429	0.333333333333333	0.643939393939394
		
0	0.888888888888889	0.651515151515152
0.357142857142857	0.444444444444444	0.431818181818182
0.714285714285714	0.111111111111111	0.833333333333333
0.0714285714285714	0.888888888888889	0.583333333333333
0.214285714285714	0.666666666666667	0.833333333333333
0.785714285714286	0.111111111111111	0.787878787878788
0.642857142857143	0.333333333333333	0.46969696969697
0.714285714285714	0.222222222222222	0.598484848484848
0.0714285714285714	0.777777777777778	0.590909090909091
0.428571428571429	0.333333333333333	0.560606060606061
0.285714285714286	0.444444444444444	0.575757575757576
0.5	0.222222222222222	0.757575757575758
0.428571428571429	0.222222222222222	0.825757575757576
0.642857142857143	0.222222222222222	0.712121212121212
0.357142857142857	0.333333333333333	0.674242424242424
0	0.777777777777778	0.674242424242424
		
1	0.111111111111111	0.962121212121212
0	0.777777777777778	0.416666666666667
0.285714285714286	0.333333333333333	0.265151515151515
0.571428571428571	0.222222222222222	0.454545454545455
		
0.285714285714286	0.444444444444444	0.0984848484848485
0	0.777777777777778	0.303030303030303
0.714285714285714	0.111111111111111	0.727272727272727
0.428571428571429	0.222222222222222	0.712121212121212
0.0714285714285714	0.666666666666667	0.416666666666667
0.357142857142857	0.333333333333333	0.227272727272727
0.571428571428571	0.333333333333333	0.106060606060606
0.642857142857143	0.222222222222222	0.265151515151515
		
0.285714285714286	0.333333333333333	0.295454545454545
0.357142857142857	0.333333333333333	0.234848484848485
1	0	0.825757575757576
0.642857142857143	0.111111111111111	0.583333333333333
0.714285714285714	0.111111111111111	0.515151515151515
0.428571428571429	0.222222222222222	0.318181818181818
0.357142857142857	0.222222222222222	0.416666666666667
		
0	0.777777777777778	0.659090909090909
1	0.111111111111111	0.893939393939394
0.357142857142857	0.444444444444444	0.431818181818182
0.0714285714285714	0.777777777777778	0.636363636363636
0.714285714285714	0.222222222222222	0.696969696969697
0.571428571428571	0.333333333333333	0.553030303030303
0.0714285714285714	0.666666666666667	0.810606060606061
0.285714285714286	0.444444444444444	0.522727272727273
0.142857142857143	0.666666666666667	0.765151515151515
0.642857142857143	0.222222222222222	0.765151515151515
0.642857142857143	0.333333333333333	0.46969696969697
0.357142857142857	0.333333333333333	0.704545454545455
0.428571428571429	0.333333333333333	0.659090909090909
		
0.285714285714286	0.444444444444444	0.106060606060606
0	0.777777777777778	0.265151515151515
0.714285714285714	0.111111111111111	0.431818181818182
0.0714285714285714	0.666666666666667	0.409090909090909
0.357142857142857	0.333333333333333	0.227272727272727
0.571428571428571	0.333333333333333	0.113636363636364
0.428571428571429	0.222222222222222	0.424242424242424
0.642857142857143	0.222222222222222	0.265151515151515
		
0.0714285714285714	0.777777777777778	0.560606060606061
0.285714285714286	0.444444444444444	0.25
1	0	0.871212121212121
0.714285714285714	0.111111111111111	0.643939393939394
0.214285714285714	0.666666666666667	0.803030303030303
0.285714285714286	0.333333333333333	0.454545454545455
0.571428571428571	0.333333333333333	0.28030303030303
0.428571428571429	0.222222222222222	0.46969696969697
0.642857142857143	0.111111111111111	0.75
0.357142857142857	0.222222222222222	0.568181818181818

