0.458333333333333	0.7	0.604166666666667	0.342827
0.916666666666667	0.4	0.677083333333333	0.287368
0.333333333333333	0.8	0.677083333333333	0.432323
0.0416666666666667	0.6	0.526041666666667	0.738210
0.25	0.6	0.28125	0.564443
0.0833333333333333	0.7	0.328125	0.564443
0.375	0.4	0.416666666666667	0.756317
0.416666666666667	0.7	0.520833333333333	0.422082
0.291666666666667	0.6	0.40625	0.491014
0.375	0.8	0.515625	0.000000
0.125	0.6	0.427083333333333	0.862369
0.416666666666667	0.7	0.666666666666667	0.292449
0.75	0.5	0.635416666666667	0.324359
0.291666666666667	0.8	0.911458333333333	0.422082
0.416666666666667	0.2	0.432291666666667	0.644895
0.625	0.2	0.666666666666667	0.586898
0.625	0.3	0.541666666666667	0.443184
0.25	0.9	0.5625	0.515943
0.875	0.5	0.651041666666667	0.268625
0.291666666666667	0.8	0.677083333333333	0.484505
0.25	0.4	0.427083333333333	0.933559
0.333333333333333	1	0.75	0.421347
0.916666666666667	0.7	0.546875	0.275844
0.583333333333333	0.6	0.682291666666667	0.324359
0.875	0.5	0.661458333333333	0.151845
0.208333333333333	0.6	0.5	0.567055
0.0416666666666667	0.7	0.53125	0.559230
0.333333333333333	0.5	0.322916666666667	0.603147
0.25	0.5	0.40625	0.644895
0.583333333333333	0.4	0.427083333333333	0.427848
0.708333333333333	0.7	0.723958333333333	0.194789
0.208333333333333	0.7	0.28125	0.737998
0.916666666666667	0.4	0.703125	0.249710
0.5	0.7	0.583333333333333	0.342827
0.625	0.1	0.619791666666667	0.644895
0.5	0.4	0.333333333333333	0.508147
0.5	0.5	0.234375	0.466986
0.875	0.4	0.671875	0.291070
0.833333333333333	0.5	0.65625	0.240264
0.541666666666667	0.5	0.651041666666667	0.378889
0.416666666666667	0.2	0.375	0.701328
0.5	0.7	0.635416666666667	0.287368
0.458333333333333	0.7	0.510416666666667	0.464051
0.875	0.4	0.729166666666667	0.245315
0.875	0.5	0.515625	0.397112
0.875	0.5	0.619791666666667	0.305945
0.416666666666667	0.2	0.385416666666667	0.644895
0.291666666666667	0.7	0.75	0.473750
0.75	0.5	0.723958333333333	0.287368
0.416666666666667	0.7	0.53125	0.379578
0.708333333333333	0.6	0.6875	0.305945
0.625	0.4	0.53125	0.342827
0.458333333333333	0.5	0.635416666666667	0.524773
0.583333333333333	0.5	0.645833333333333	0.354896
0.458333333333333	0.6	0.723958333333333	0.420940
0.125	0.6	0.4375	0.809966
0.291666666666667	0.8	0.927083333333333	0.245110
0.333333333333333	0.9	0.770833333333333	0.287368
0.208333333333333	0.9	0.296875	0.539115
0.416666666666667	0.3	0.25	0.564443
0.375	0.3	0.395833333333333	0.862369
0.291666666666667	0.8	0.734375	0.427848
0.0833333333333333	0.6	0.46875	0.701328
0.708333333333333	0.5	0.765625	0.313708
0.25	0.7	0.682291666666667	0.506756
0.666666666666667	0.1	0.6875	0.644895
0.833333333333333	0.6	0.479166666666667	0.305945
			
0.458333333333333	0.5	0.21875	0.706237
0.416666666666667	0.8	0.442708333333333	0.354695
0.916666666666667	0.2	0.822916666666667	0.491132
0.666666666666667	0.4	0.635416666666667	0.287368
0.5	0.4	0.208333333333333	0.603147
0.0833333333333333	0.5	0.333333333333333	0.701328
0.5	0.3	0.244791666666667	0.625603
0.333333333333333	0.8	0.713541666666667	0.287368
0.458333333333333	0.7	0.630208333333333	0.313708
0.5	0.7	0.677083333333333	0.230427
0.5	0.5	0.197916666666667	0.583952
0.625	0.3	0.739583333333333	0.444537
0.458333333333333	0.6	0.661458333333333	0.305945
0.416666666666667	0.3	0.25	0.564443
0.625	0.1	0.609375	0.701328
0.666666666666667	0.3	0.645833333333333	0.464051
0.5	0.4	0.21875	0.564443
0.5	0.2	0.692708333333333	0.644895
0.208333333333333	0.6	0.369791666666667	0.556761
0.625	0.5	0.614583333333333	0.305945
0.875	0.4	0.682291666666667	0.245315
0.5	0.7	0.619791666666667	0.287368
0.875	0.4	0.625	0.313708
0.625	0.4	0.739583333333333	0.348387
0.666666666666667	0.3	0.682291666666667	0.443184
0.375	0.4	0.229166666666667	0.357749
0.625	0.1	0.619791666666667	0.586898
0.583333333333333	0.2	0.473958333333333	0.586898
0.25	0.8	0.286458333333333	0.378889
0.458333333333333	0.8	0.53125	0.287368
0.583333333333333	0.3	0.796875	0.423408
0.666666666666667	0.3	0.588541666666667	0.504743
0.5	0.3	0.786458333333333	0.547228
0.416666666666667	0.5	0.130208333333333	0.737998
0.208333333333333	0.7	0.244791666666667	0.590655
0.5	0.5	0.1875	0.733861
0.5	0.6	0.213541666666667	0.501341
0.5	0.7	0.65625	0.249710
0.333333333333333	0.8	0.723958333333333	0.230427
0.208333333333333	0.6	0.317708333333333	0.567055
0.833333333333333	0.5	0.53125	0.353173
0.791666666666667	0.2	0.682291666666667	0.559230
0.958333333333333	0.6	0.536458333333333	0.292377
0.541666666666667	0.2	0.380208333333333	0.862369
0.5	0.5	0.682291666666667	0.287368
0.208333333333333	0.7	0.234375	0.737998
0.25	0.4	0.328125	0.564443
0.458333333333333	0.8	0.645833333333333	0.151845
0.0833333333333333	0.7	0.302083333333333	0.443184
0.0416666666666667	0.8	0.375	0.422082
0.625	0.3	0.65625	0.473750
0.875	0.2	0.817708333333333	0.504753
			
0.208333333333333	0.6	0.364583333333333	0.567055
0.25	0.8	0.21875	0.733861
0.583333333333333	0.4	0.489583333333333	0.422082
0.208333333333333	0.6	0.375	0.506756
0.166666666666667	0.7	0.234375	0.567055
0.708333333333333	0.8	0.677083333333333	0.151845
0.666666666666667	0.1	0.723958333333333	0.701328
0.25	0.6	0.255208333333333	0.443184
0.625	0.3	0.541666666666667	0.443184
0.416666666666667	0.9	0.453125	0.237102
0.208333333333333	0.7	0.296875	0.291070
0.375	0.3	0.34375	0.506756
0.0833333333333333	0.6	0.5	0.701328
0.625	0.4	0.588541666666667	0.357749
0.416666666666667	0.6	0.46875	0.166611
0.416666666666667	0.2	0.723958333333333	0.625811
0.625	0.5	0.588541666666667	0.305945
0.416666666666667	0.5	0.59375	0.409939
0.75	0.5	0.734375	0.249710
0.416666666666667	0.5	0.536458333333333	0.422082
0.416666666666667	0.2	0.375	0.701328
0.916666666666667	0.4	0.677083333333333	0.287368
0.625	0.2	0.666666666666667	0.567262
0.0833333333333333	0.7	0.302083333333333	0.443184
0.416666666666667	0.2	0.421875	0.644895
0.125	0.6	0.432291666666667	0.862369
0.833333333333333	0.6	0.369791666666667	0.432323
0.583333333333333	0.6	0.447916666666667	0.305945
0.666666666666667	0.4	0.645833333333333	0.342827
0.458333333333333	0.5	0.635416666666667	0.357749
0.166666666666667	0.7	0.244791666666667	0.433362
0.25	0.5	0.380208333333333	0.567262
0.25	0.7	0.515625	0.166611
0.208333333333333	0.7	0.239583333333333	0.422082
0.583333333333333	0.5	0.4375	0.357749
0.25	0.3	0.4375	0.831642
0.625	0.3	0.552083333333333	0.401149
0.5	0.5	0.65625	0.342827
0.25	0.9	0.21875	0.501341
0.416666666666667	0.3	0.28125	0.464051
0.5	0.5	0.1875	0.733861
0.583333333333333	0.4	0.395833333333333	0.443184
0.375	0.3	0.333333333333333	0.567055
0.916666666666667	0.1	0.755208333333333	0.586898
0.875	0.4	0.645833333333333	0.291070
0.541666666666667	0.9	0.723958333333333	0.151845
0.0416666666666667	0.8	0.223958333333333	0.422285
			
0.375	0.3	0.369791666666667	0.567055
0.25	0.6	0.260416666666667	0.737998
0.708333333333333	0.8	0.78125	0.151845
0.416666666666667	0.3	0.270833333333333	0.564443
0.0833333333333333	0.8	0.34375	0.564443
0.916666666666667	0.1	0.755208333333333	0.586898
0.375	0.3	0.453125	0.506756
0.0833333333333333	0.8	0.333333333333333	0.603147
0.5	0.5	0.234375	0.378889
0.125	0.9	0.390625	0.361136
0.416666666666667	0.8	0.567708333333333	0.154936
0.416666666666667	0.7	0.5625	0.204604
0.5	0.4	0.177083333333333	0.484301
0.416666666666667	0.4	0.255208333333333	0.230427
0.0833333333333333	1	0.270833333333333	0.361136
0.25	0.6	0.338541666666667	0.443184
0.25	0.7	0.260416666666667	0.297320
0.208333333333333	0.7	0.223958333333333	0.524973
0.208333333333333	0.6	0.322916666666667	0.701328
0.208333333333333	0.4	0.348958333333333	0.567055
0.0833333333333333	0.7	0.276041666666667	0.737998
0.25	0.6	0.270833333333333	0.682542
0.875	0.5	0.75	0.151845
0.0833333333333333	0.7	0.395833333333333	0.625603
0.333333333333333	0.5	0.317708333333333	0.484301
0.333333333333333	0.6	0.302083333333333	0.378889
0.416666666666667	0.2	0.421875	0.420940
0.0416666666666667	0.8	0.296875	0.811560
0.208333333333333	0.8	0.166666666666667	0.463332
0.416666666666667	0.4	0.348958333333333	0.211162
0.25	0.3	0.390625	0.701328
0.0416666666666667	0.9	0.307291666666667	0.430689
0.208333333333333	0.8	0.192708333333333	0.403377
0.375	0.4	0.161458333333333	0.564443
0.416666666666667	0.1	0.328125	0.701328
0.0833333333333333	0.8	0.427083333333333	0.508147
0.166666666666667	0.2	0.447916666666667	0.567262
0.25	0.6	0.276041666666667	0.625603
0.25	0.4	0.34375	0.564443
0.333333333333333	0.4	0.328125	0.737998
0.916666666666667	0.1	0.765625	0.567262
0.416666666666667	0.3	0.427083333333333	0.348593
0.458333333333333	0.5	0.0989583333333333	0.603147
0.0833333333333333	0.9	0.453125	0.230427
0.666666666666667	0.1	0.661458333333333	0.644895
0.208333333333333	0.7	0.177083333333333	0.737998
0.333333333333333	0.6	0.291666666666667	0.583952
0.25	0.5	0.348958333333333	0.230427
0.416666666666667	0.3	0.28125	0.524973
0.416666666666667	0.2	0.395833333333333	0.644895
0.0416666666666667	0.6	0.53125	0.678873
0.5	0.6	0.197916666666667	0.396912
0.375	0.4	0.208333333333333	0.422082
0.833333333333333	0.6	0.661458333333333	0.208320
0.416666666666667	0.3	0.34375	0.504743
			
0.25	0.5	0.427083333333333	0.586898
0.625	0.5	0.598958333333333	0.210960
0.333333333333333	0.8	0.71875	0.342827
0.208333333333333	0.6	0.364583333333333	0.567055
0.5	0.6	0.276041666666667	0.478192
0.0833333333333333	0.6	0.46875	0.701328
0.333333333333333	0.4	0.296875	0.706237
0.416666666666667	0.9	0.458333333333333	0.305945
0.375	0.3	0.625	0.625811
0.291666666666667	0.9	0.677083333333333	0.268625
0.416666666666667	0.7	0.5	0.422082
0.541666666666667	0.2	0.328125	0.862369
0.416666666666667	0.3	0.338541666666667	0.524973
0.916666666666667	0.3	0.6875	0.443184
0.5	0.2	0.333333333333333	0.735124
0.458333333333333	0.4	0.21875	0.706237
0.666666666666667	0.1	0.677083333333333	0.625811
0.458333333333333	0.7	0.572916666666667	0.306146
0.625	0.4	0.526041666666667	0.422082
0.333333333333333	0.4	0.286458333333333	0.862369
0.833333333333333	0.6	0.479166666666667	0.305945
0.458333333333333	0.8	0.619791666666667	0.151845
0.416666666666667	0.2	0.421875	0.701328
0.208333333333333	0.5	0.291666666666667	0.701328
0.625	0.4	0.583333333333333	0.357749
0.458333333333333	0.8	0.609375	0.268625
0.833333333333333	0.5	0.5625	0.317375
0.5	0.5	0.192708333333333	0.800557
0.458333333333333	0.7	0.765625	0.273540
0.5	0.7	0.614583333333333	0.287368
0.916666666666667	0.3	0.734375	0.422285
0.375	0.4	0.401041666666667	0.625338
0.625	0.4	0.598958333333333	0.291070
0.375	0.3	0.739583333333333	0.486309
0.625	0.4	0.78125	0.234988
0.0833333333333333	0.7	0.328125	0.564443
0.666666666666667	0.4	0.604166666666667	0.287368
0.25	0.7	0.208333333333333	0.484301
0.875	0.3	0.927083333333333	0.444537
0.291666666666667	0.8	0.666666666666667	0.357749
0.5	0.3	0.286458333333333	0.607631
0.416666666666667	0.3	0.296875	0.564443
0.583333333333333	0.4	0.416666666666667	0.443184
0.333333333333333	0.5	0.270833333333333	0.484301
0.5	0.6	0.265625	0.563482
0.625	0.2	0.666666666666667	0.586898
0.583333333333333	0.6	0.682291666666667	0.324359
0.0833333333333333	0.9	0.286458333333333	0.738074
0.25	0.6	0.255208333333333	0.564443
0.25	0.4	0.40625	0.701328
0.416666666666667	0.3	0.385416666666667	0.464051
0.125	0.6	0.385416666666667	0.862369
0.875	0.5	0.546875	0.306146
0.625	0.1	0.609375	0.644895
0.25	0.8	0.239583333333333	0.378889
0.291666666666667	0.9	0.6875	0.171878
0.208333333333333	0.6	0.46875	0.444537
0.5	0.5	0.203125	0.776629
0.333333333333333	0.3	0.307291666666667	0.735124
0.458333333333333	0.8	0.630208333333333	0.111577
0.125	0.9	0.380208333333333	0.501341
0.416666666666667	0.8	0.640625	0.200795
0.583333333333333	0.5	0.4375	0.357749
0.458333333333333	0.5	0.588541666666667	0.422082
0.666666666666667	0.2	0.71875	0.473750
0.208333333333333	0.8	0.109375	0.603147
0.458333333333333	0.5	0.635416666666667	0.357749
0.5	0.6	0.588541666666667	0.401149
			
0.458333333333333	0.8	0.619791666666667	0.305945
0.416666666666667	0.3	0.307291666666667	0.524973
0.625	0.5	0.619791666666667	0.275844
0.458333333333333	0.5	0.578125	0.342827
0.666666666666667	0.1	0.677083333333333	0.625811
0.125	0.7	0.473958333333333	0.862369
0.291666666666667	0.9	0.666666666666667	0.305945
0.458333333333333	0.7	0.5625	0.342827
0.666666666666667	0.9	0.682291666666667	0.242224
0.666666666666667	0.4	0.619791666666667	0.306146
0.833333333333333	0.5	0.671875	0.240264
0.625	0.5	0.630208333333333	0.242421
0.458333333333333	0.6	0.635416666666667	0.305945
0.25	0.6	0.28125	0.564443
0.0833333333333333	0.7	0.5	0.473750
0.25	0.7	0.208333333333333	0.484301
0.208333333333333	0.4	0.34375	0.409939
0.291666666666667	0.9	0.614583333333333	0.378889
0.458333333333333	0.9	0.515625	0.324359
0.916666666666667	0.1	0.755208333333333	0.586898
0.375	0.4	0.317708333333333	0.350544
0.666666666666667	0.8	0.703125	0.240264
0.291666666666667	0.8	0.666666666666667	0.357749
0.208333333333333	0.8	0.109375	0.603147
0.0833333333333333	0.6	0.5	0.701328
0.458333333333333	0.6	0.666666666666667	0.275844
0.625	0.1	0.609375	0.644895
0.333333333333333	0.3	0.640625	0.486309
0.333333333333333	0.8	0.723958333333333	0.342827
0.416666666666667	0.3	0.364583333333333	0.464051
0.208333333333333	0.7	0.328125	0.828174
0.708333333333333	0.5	0.541666666666667	0.268421
0.833333333333333	0.6	0.651041666666667	0.242224
0.375	0.4	0.229166666666667	0.379578
0.375	0.4	0.145833333333333	0.427848
0.416666666666667	0.2	0.348958333333333	0.644895
0.625	0.2	0.645833333333333	0.486309
0.625	0.1	0.588541666666667	0.701328
0.875	0.4	0.671875	0.291070
0.583333333333333	0.6	0.494791666666667	0.275844
0.458333333333333	0.8	0.630208333333333	0.268421
0.0833333333333333	0.8	0.286458333333333	0.603147
0.625	0.3	0.65625	0.420940
0.625	0.3	0.755208333333333	0.378272
0.625	0.4	0.630208333333333	0.305485
			
0.0833333333333333	0.8	0.333333333333333	0.603147
0.5	0.6	0.635416666666667	0.504743
0.875	0.4	0.697916666666667	0.313708
0.666666666666667	0	0.71875	0.701328
0.625	0.5	0.479166666666667	0.432323
0.416666666666667	0.3	0.296875	0.564443
0.0833333333333333	0.8	0.28125	0.765734
0.625	0.5	0.635416666666667	0.290064
0.166666666666667	0.7	0.140625	0.108062
0.208333333333333	0.8	0.125	0.765734
0.0833333333333333	0.9	0.322916666666667	0.583952
0.208333333333333	0.8	0.135416666666667	0.613207
0.333333333333333	0.5	0.270833333333333	0.765734
0.416666666666667	0.1	0.494791666666667	0.701328
0.0416666666666667	0.8	0.296875	0.737998
0.666666666666667	0.3	0.59375	0.464051
0.666666666666667	0	0.875	0.644895
0.625	0.4	0.53125	0.342827
0.583333333333333	0.5	0.598958333333333	0.391577
0.625	0.5	0.526041666666667	0.410683
0.0833333333333333	0.8	0.3125	0.729064
0.416666666666667	0.2	0.421875	0.701328
0.458333333333333	0.6	0.65625	0.357803
0.541666666666667	0.5	0.34375	0.501341
0.666666666666667	0.1	0.729166666666667	0.685105
0.666666666666667	0.1	0.817708333333333	0.623161
0.125	0.6	0.432291666666667	0.862369
0.208333333333333	0.5	0.276041666666667	0.701328
0.25	0.4	0.395833333333333	0.554023
0.25	0.5	0.380208333333333	0.682542
0.916666666666667	0.3	0.697916666666667	0.401149
0.416666666666667	0.6	0.651041666666667	0.444537
0.0416666666666667	0.9	0.182291666666667	0.613207
0.0833333333333333	0.8	0.34375	0.564443
0.5	0.5	0.645833333333333	0.432323
0.458333333333333	0.5	0.09375	0.765734
0.666666666666667	0.3	0.666666666666667	0.439592
0.666666666666667	0.1	0.807291666666667	0.644895
0.916666666666667	0.1	0.739583333333333	0.644895
0.5	0.5	0.65625	0.342827
0.0833333333333333	0.6	0.479166666666667	0.644895
0.0416666666666667	0.7	0.380208333333333	0.567055
0.958333333333333	0.6	0.546875	0.287368
0.625	0.3	0.744791666666667	0.504753
0.5	0.5	0.223958333333333	0.535003
0.875	0.5	0.651041666666667	0.210960
0.541666666666667	0.4	0.494791666666667	0.433362
0.333333333333333	0.5	0.28125	0.603147
0.625	0.2	0.786458333333333	0.567055
0.0416666666666667	0.9	0.171875	0.765734
0.166666666666667	0.6	0.229166666666667	0.556761
0.375	0.3	0.333333333333333	0.506756
0.625	0.2	0.807291666666667	0.556761
0.916666666666667	0.1	0.755208333333333	0.586898
0.416666666666667	0.2	0.442708333333333	0.631456
0.5	0.4	0.296875	0.544600
0.416666666666667	0.2	0.447916666666667	0.576468
0.916666666666667	0.4	0.666666666666667	0.249710
0.916666666666667	0.3	0.71875	0.351233
0.416666666666667	0.2	0.427083333333333	0.685105
0.25	0.4	0.380208333333333	0.701328
0.25	0.3	0.489583333333333	0.685105
0.5	0.4	0.244791666666667	0.564443
0.375	0.4	0.177083333333333	0.594791
			
0.458333333333333	0.6	0.46875	0.166403
0.291666666666667	0.9	0.666666666666667	0.305945
0.458333333333333	0.6	0.515625	0.107856
0.0833333333333333	0.7	0.328125	0.564443
0.666666666666667	0.2	0.677083333333333	0.473750
0.875	0.2	0.859375	0.444537
0.666666666666667	0.6	0.307291666666667	0.544600
0.208333333333333	0.8	0.119791666666667	0.463332
0.583333333333333	0.5	0.609375	0.354896
0.416666666666667	0.3	0.25	0.564443
0.416666666666667	0.1	0.359375	0.701328
0.5	0.4	0.208333333333333	0.603147
0.208333333333333	0.7	0.21875	0.422082
0.5	0.4	0.651041666666667	0.504743
0.625	0.1	0.6875	0.586898
0.916666666666667	0.2	0.619791666666667	0.524973
0.583333333333333	0.4	0.46875	0.422082
0.375	0.3	0.333333333333333	0.506756
0.416666666666667	0.6	0.526041666666667	0.088029
0.0416666666666667	0.8	0.177083333333333	0.315073
0.166666666666667	0.6	0.651041666666667	0.486309
0.208333333333333	0.8	0.109375	0.603147
0.0833333333333333	0.7	0.338541666666667	0.524973
0.25	0.6	0.416666666666667	0.463638
0.0416666666666667	0.5	0.4375	0.733861
0.208333333333333	0.4	0.348958333333333	0.506756
0.625	0.3	0.541666666666667	0.443184
0.625	0.4	0.552083333333333	0.291070
0.416666666666667	0.1	0.375	0.644895
0.416666666666667	0.5	0.536458333333333	0.422082
0.541666666666667	0.5	0.354166666666667	0.378889
0.5	0.5	0.651041666666667	0.287368
0.25	0.4	0.296875	0.564443
0.458333333333333	0.5	0.619791666666667	0.357749
0.625	0.5	0.552083333333333	0.111577
0.666666666666667	0.2	0.614583333333333	0.622638
0.625	0.4	0.526041666666667	0.357749
0.416666666666667	0.2	0.489583333333333	0.631456
0.333333333333333	0.5	0.265625	0.564443
0.25	0.3	0.4375	0.644895
0.208333333333333	0.6	0.317708333333333	0.567055
0.666666666666667	0.3	0.723958333333333	0.414582
0.25	0.7	0.208333333333333	0.484301
0.541666666666667	0.4	0.5625	0.456141
0.916666666666667	0.2	0.692708333333333	0.464051
			
0.458333333333333	0.5	0.619791666666667	0.306146
0.25	0.7	0.239583333333333	0.603147
0.625	0.1	0.609375	0.701328
0.625	0.3	0.541666666666667	0.443184
0.208333333333333	0.6	0.333333333333333	0.556761
0.5	0.5	0.255208333333333	0.378889
0.416666666666667	0.3	0.296875	0.504743
0.375	0.3	0.276041666666667	0.556761
0.25	0.4	0.3125	0.401149
0.416666666666667	0.2	0.375	0.701328
0.583333333333333	0.4	0.46875	0.391774
0.375	0.3	0.713541666666667	0.348593
0.208333333333333	0.6	0.291666666666667	0.701328
0.541666666666667	0.1	0.380208333333333	0.737998
0.208333333333333	0.9	0.15625	0.378889
0.125	0.8	0.380208333333333	0.733861
0.416666666666667	0.3	0.291666666666667	0.524973
0.583333333333333	0.2	0.536458333333333	0.556761
0.208333333333333	0.6	0.817708333333333	0.486309
0.583333333333333	0.4	0.526041666666667	0.379578
0.416666666666667	0.1	0.65625	0.625811
0.625	0.4	0.541666666666667	0.357749
0.0833333333333333	0.7	0.4375	0.464051
0.0833333333333333	0.9	0.333333333333333	0.550296
0.208333333333333	0.7	0.192708333333333	0.625603
0.666666666666667	0.9	0.520833333333333	0.151845
0.0416666666666667	0.6	0.5	0.506960
0.0416666666666667	0.6	0.40625	0.559230
0.458333333333333	0.6	0.125	0.378889
0.291666666666667	0.5	0.265625	0.737998
0.666666666666667	0.4	0.552083333333333	0.342827
0.0416666666666667	0.9	0.369791666666667	0.463332
0.208333333333333	0.7	0.276041666666667	0.336313
0.208333333333333	0.5	0.307291666666667	0.771165
0.458333333333333	0.5	0.114583333333333	0.660296
0.166666666666667	0.2	0.432291666666667	0.567262
0.375	0.3	0.708333333333333	0.403126
0.666666666666667	0.2	0.708333333333333	0.403126
0.625	0.4	0.572916666666667	0.306146
0.625	0.3	0.604166666666667	0.401149
0.875	0.5	0.630208333333333	0.090925
0.416666666666667	0.6	0.484375	0.306146
0.166666666666667	0.8	0.34375	0.590655
0	0.4	0.40625	0.625811
0.416666666666667	0.6	0.572916666666667	0.171878
0.333333333333333	0.3	0.609375	0.433566
0.375	0.2	0.723958333333333	0.422285
0	0.6	0.338541666666667	0.792295
0.541666666666667	0.5	0.40625	0.259912
0.208333333333333	0.8	0.239583333333333	0.210960
0.625	0.5	0.588541666666667	0.151845
0.666666666666667	0.1	0.6875	0.506960
0.458333333333333	0.5	0.666666666666667	0.249710
0.0833333333333333	0.9	0.276041666666667	0.583952
0.375	0.4	0.348958333333333	0.399026
0.0416666666666667	0.9	0.380208333333333	0.427848
			
0.25	0.7	0.328125	0.342827
0.666666666666667	0.3	0.604166666666667	0.504743
0.583333333333333	0.3	0.614583333333333	0.506756
0.0833333333333333	0.8	0.364583333333333	0.669715
0.25	0.3	0.46875	0.701328
0.416666666666667	0.9	0.630208333333333	0.242224
0.666666666666667	0.3	0.697916666666667	0.464051
0.458333333333333	0.8	0.630208333333333	0.210960
0.208333333333333	0.6	0.291666666666667	0.701328
0.416666666666667	0.4	0.296875	0.342827
0.0833333333333333	0.6	0.46875	0.644895
0.583333333333333	0.3	0.552083333333333	0.556761
0.416666666666667	0.3	0.348958333333333	0.564443
0.375	0.3	0.359375	0.567055
0.916666666666667	0.3	0.739583333333333	0.401149
0.458333333333333	0.5	0.125	0.603147
0.208333333333333	0.8	0.109375	0.603147
0.25	0.5	0.40625	0.644895
0.375	0.4	0.161458333333333	0.422082
0.916666666666667	0.2	0.786458333333333	0.366855
0.625	0.1	0.625	0.644895
0.416666666666667	0.2	0.453125	0.644895
0.0833333333333333	0.8	0.458333333333333	0.603147
0.625	0.3	0.630208333333333	0.473750
0.541666666666667	0.5	0.369791666666667	0.298262
0.25	0.6	0.28125	0.564443
0.916666666666667	0.1	0.739583333333333	0.586898
0.625	0.3	0.515625	0.524973
0.458333333333333	0.8	0.572916666666667	0.268421
0.416666666666667	0.2	0.348958333333333	0.701328
0.583333333333333	0.4	0.505208333333333	0.245315
0.583333333333333	0.5	0.489583333333333	0.210960
0.25	0.6	0.291666666666667	0.524973
0.625	0.3	0.713541666666667	0.444537
0.5	0.7	0.645833333333333	0.230427
0.25	0.8	0.239583333333333	0.378889
0.666666666666667	0.2	0.755208333333333	0.571153
0.125	0.7	0.369791666666667	0.809966
0.5	0.7	0.65625	0.191711
0.583333333333333	0.4	0.494791666666667	0.291070
0.625	0.5	0.588541666666667	0.151845
0.416666666666667	0.5	0.541666666666667	0.291070
0.0833333333333333	0.9	0.34375	1.000000
0.375	0.6	0.416666666666667	0.298262
0.0416666666666667	0.6	0.479166666666667	0.738210
0.208333333333333	0.7	0.203125	0.564443
			
0.416666666666667	0.3	0.234375	0.524973
0.625	0.2	0.630208333333333	0.583888
0.416666666666667	0.4	0.260416666666667	0.306146
0.583333333333333	0.3	0.447916666666667	0.242329
0.0833333333333333	0.7	0.328125	0.564443
0.0833333333333333	0.7	0.338541666666667	0.524973
0.416666666666667	0.3	0.317708333333333	0.464051
0.416666666666667	0.6	0.526041666666667	0.185894
0.5	0.4	0.208333333333333	0.437525
0.333333333333333	0.5	0.302083333333333	0.603147
0.416666666666667	0.4	0.494791666666667	0.242329
0.375	0.4	0.348958333333333	0.379578
0.125	0.6	0.432291666666667	0.809966
0.0833333333333333	0.8	0.359375	0.306146
0.0833333333333333	0.9	0.265625	0.733861
0.25	0.4	0.307291666666667	0.524973
0.416666666666667	0.7	0.453125	0.087619
0.416666666666667	0.2	0.395833333333333	0.644895
0.208333333333333	0.6	0.197916666666667	0.242329
0.208333333333333	0.7	0.177083333333333	0.524973
0.0416666666666667	0.8	0.375	0.422082
0.25	0.8	0.526041666666667	0.087619
0.208333333333333	0.5	0.359375	0.357130
0.583333333333333	0.4	0.447916666666667	0.087619
0.666666666666667	0.1	0.682291666666667	0.586898
0.416666666666667	0.4	0.614583333333333	0.185894
0.375	0.7	0.526041666666667	0.108062
0.25	0.5	0.307291666666667	0.306146
0.458333333333333	0.5	0.114583333333333	0.403377
0.5	0.4	0.255208333333333	0.403377
0.0833333333333333	0.8	0.296875	0.403377
0.416666666666667	0.3	0.3125	0.504743
			
0.25	0.4	0.4375	0.663804
0.666666666666667	0.3	0.651041666666667	0.443184
0.125	0.7	0.473958333333333	0.809966
0.708333333333333	0.8	0.71875	0.151845
0.208333333333333	0.6	0.1875	0.279010
0.666666666666667	0	0.755208333333333	0.701328
0.666666666666667	0.4	0.536458333333333	0.315073
0.625	0.4	0.619791666666667	0.313708
0.875	0.5	0.6875	0.151845
0.416666666666667	0.4	0.25	0.342827
0.291666666666667	0.2	0.348958333333333	0.792295
0.916666666666667	0.3	0.729166666666667	0.346565
0.416666666666667	0.1	0.65625	0.625811
0.541666666666667	0.9	0.765625	0.151845
0.375	0.4	0.208333333333333	0.422082
0.416666666666667	0.1	0.375	0.701328
0.25	0.3	0.380208333333333	0.663804
0.458333333333333	0.3	0.463541666666667	0.444336
0.666666666666667	0.3	0.661458333333333	0.401149
0.208333333333333	0.7	0.177083333333333	0.427848
0.0833333333333333	0.8	0.286458333333333	0.603147
0.625	0.2	0.713541666666667	0.506960
0.0833333333333333	0.8	0.34375	0.564443
0.375	0.3	0.734375	0.358320
0.166666666666667	0.2	0.447916666666667	0.625811
0.5	0.1	0.34375	0.512066
0.625	0.5	0.729166666666667	0.151845
0.333333333333333	0.4	0.395833333333333	0.561528
0.208333333333333	0.5	0.401041666666667	0.213755
0.416666666666667	0.2	0.421875	0.644895
0.333333333333333	0.5	0.265625	0.449274
0.666666666666667	0.3	0.729166666666667	0.366855
0.708333333333333	0.4	0.489583333333333	0.333096
0.375	0.3	0.708333333333333	0.486309
0.666666666666667	0.4	0.578125	0.287368
0.666666666666667	0.2	0.677083333333333	0.403126
0.625	0.1	1	0.506960
0.875	0.4	0.682291666666667	0.245315
0.416666666666667	0.3	0.317708333333333	0.554023
0.416666666666667	0.3	0.25	0.564443
			
0.291666666666667	0.5	0.411458333333333	0.862369
0.541666666666667	0.5	0.348958333333333	0.501341
0.0833333333333333	0.7	0.588541666666667	0.792295
0.625	0.3	0.53125	0.564443
0.125	0.8	0.5	0.501341
0.416666666666667	0.1	0.375	0.644895
0.5	0.5	0.1875	0.733861
0.458333333333333	0.7	0.65625	0.291070
0.625	0.4	0.770833333333333	0.291070
0.458333333333333	0.7	0.536458333333333	0.342827
0.375	0.4	0.296875	0.747207
0.125	0.7	0.46875	0.809966
0.25	0.6	0.255208333333333	0.564443
0.541666666666667	1	0.625	0.287368
0.708333333333333	0.7	0.734375	0.111577
0.291666666666667	0.8	0.6875	0.245315
0.0833333333333333	0.9	0.276041666666667	0.868205
0.625	0.4	0.625	0.313708
0.5	0.4	0.671875	0.464051
0.125	0.6	0.385416666666667	0.862369
0.25	0.6	0.28125	0.559959
0.666666666666667	0.9	0.557291666666667	0.111577
0.708333333333333	0.6	0.484375	0.324359
0.625	0.5	0.588541666666667	0.305945
0.625	0.3	0.572916666666667	0.443184
0.625	0.4	0.53125	0.342827
0.666666666666667	0.3	0.65625	0.401149
0.541666666666667	0.5	0.359375	0.467193
0.625	0.2	0.609375	0.473750
0.458333333333333	0.5	0.84375	0.357749
0.583333333333333	0.4	0.515625	0.422082
0.458333333333333	0.5	0.645833333333333	0.484505
0.0833333333333333	0.9	0.380208333333333	0.501341
0.416666666666667	0.1	0.380208333333333	0.586898
0.208333333333333	0.7	0.21875	0.422082
0.25	0.6	0.302083333333333	0.504743
0.666666666666667	0.3	0.567708333333333	0.504743
0.583333333333333	0.6	0.692708333333333	0.378889
0.333333333333333	0.5	0.375	0.862369
0.208333333333333	0.7	0.166666666666667	0.564443
0.25	0.6	0.291666666666667	0.520490
0.625	0.3	0.541666666666667	0.524973
0.291666666666667	0.7	0.869791666666667	0.403126
0.416666666666667	0.7	0.59375	0.379578
0.875	0.5	0.671875	0.111577
0.458333333333333	0.5	0.671875	0.422082
0.375	0.6	0.395833333333333	0.501341
0.416666666666667	0.2	0.348958333333333	0.567262
0.458333333333333	0.8	0.630208333333333	0.111577
0.458333333333333	0.6	0.5625	0.401149
0.583333333333333	0.4	0.427083333333333	0.427848
0.375	0.3	0.322916666666667	0.567055
0.166666666666667	0.4	0.494791666666667	0.486309
0.5	0.7	0.666666666666667	0.287368
0.291666666666667	0.9	0.677083333333333	0.268625
0.541666666666667	0.4	0.90625	0.438611
0.166666666666667	0.8	0.0989583333333333	0.298262
0.875	0.5	0.630208333333333	0.268625
0.0416666666666667	0.7	0.59375	0.663804
0.458333333333333	0.7	0.546875	0.306146
0.375	0.5	0.46875	0.501341
0.666666666666667	0.4	0.645833333333333	0.249710
0.458333333333333	0.5	0.265625	0.706237
0.416666666666667	0.3	0.916666666666667	0.486309
0.125	0.8	0.510416666666667	0.467193
			
0.25	0.6	0.348958333333333	0.422285
0.25	0.6	0.453125	0.360933
0.5	0.7	0.645833333333333	0.230427
0.166666666666667	0.7	0.234375	0.567055
0.583333333333333	0.4	0.489583333333333	0.422082
0.625	0.4	0.505208333333333	0.342827
0.0833333333333333	0.7	0.395833333333333	0.422285
0.25	0.6	0.3125	0.524973
0.333333333333333	0.8	0.692708333333333	0.249710
0.541666666666667	0.2	0.296875	0.862369
0.625	0.4	0.583333333333333	0.313708
0.25	0.7	0.328125	0.342827
0.291666666666667	0.9	0.744791666666667	0.171878
0.208333333333333	0.5	0.291666666666667	0.701328
0.458333333333333	0.8	0.598958333333333	0.305945
0.416666666666667	0.5	0.473958333333333	0.427848
0.916666666666667	0.1	0.713541666666667	0.644895
0.458333333333333	0.8	0.619791666666667	0.151845
0.625	0.2	0.901041666666667	0.379371
0.5	0.5	0.703125	0.287368
0.583333333333333	0.5	0.427083333333333	0.275844
0.291666666666667	0.9	0.734375	0.210960
0.25	0.6	0.359375	0.401149
0.416666666666667	0.3	0.25	0.443184
0.625	0.5	0.588541666666667	0.151845
0	0.8	0.25	0.567055
0.625	0.4	0.598958333333333	0.291070
0.416666666666667	0.6	0.84375	0.354896
0.583333333333333	0.5	0.489583333333333	0.210960
0.25	0.3	0.390625	0.701328
0.625	0.3	0.630208333333333	0.420940
0.875	0.2	0.713541666666667	0.556761
0.916666666666667	0.2	0.817708333333333	0.517365
0.416666666666667	0.1	0.359375	0.701328
0.375	0.3	0.270833333333333	0.556761
0.25	0.5	0.401041666666667	0.567262
0.0833333333333333	0.8	0.328125	0.342827
0.291666666666667	0.9	0.697916666666667	0.275844
0.916666666666667	0.1	0.71875	0.567262
0.208333333333333	0.6	0.348958333333333	0.556761
0.625	0.2	0.875	0.504533
0.666666666666667	0.4	0.557291666666667	0.287368
0.458333333333333	0.5	0.578125	0.342827
0.0833333333333333	0.8	0.385416666666667	0.306146
0.458333333333333	0.7	0.609375	0.336313
0.625	0.2	0.640625	0.567262
0.5	0.5	0.223958333333333	0.666468
0.583333333333333	0.4	0.401041666666667	0.427848
0.583333333333333	0.4	0.5	0.379578
0.208333333333333	0.7	0.223958333333333	0.427848
0.416666666666667	0.2	0.395833333333333	0.586898
0.666666666666667	0.3	0.744791666666667	0.360933
			
0.916666666666667	0.2	0.666666666666667	0.622638
0.0833333333333333	0.6	0.510416666666667	0.701328
0.458333333333333	0.4	0.619791666666667	0.524973
0.25	0.4	0.359375	0.701328
0.0833333333333333	0.7	0.28125	0.706237
0.208333333333333	0.7	0.328125	0.422082
0.583333333333333	0.3	0.484375	0.223552
0.666666666666667	0.2	0.677083333333333	0.473750
0.416666666666667	0.3	0.25	0.564443
0.0833333333333333	0.9	0.265625	0.733861
0.583333333333333	1	0.364583333333333	0.391577
0.333333333333333	0.5	0.338541666666667	0.706237
0.916666666666667	0.1	0.755208333333333	0.586898
0.416666666666667	0.5	0.609375	0.379578
0.5	0.4	0.21875	0.706237
0.291666666666667	0.8	0.609375	0.342827
0.708333333333333	0.8	0.692708333333333	0.151845
0.416666666666667	0.8	0.4375	0.306146
0.458333333333333	0.5	0.21875	0.706237
0.875	0.5	0.630208333333333	0.210960
0.208333333333333	0.8	0.104166666666667	0.484301
0.25	0.9	0.473958333333333	0.342827
0.25	0.5	0.40625	0.644895
0.541666666666667	0.5	0.302083333333333	0.501341
0.458333333333333	0.4	0.703125	0.464051
0.416666666666667	0.6	0.46875	0.166611
0.5	0.5	0.578125	0.493263
0.25	0.5	0.317708333333333	0.735124
0.0833333333333333	0.7	0.328125	0.564443
0.208333333333333	0.7	0.213541666666667	0.657435
0.291666666666667	0.9	0.755208333333333	0.305945
0.541666666666667	0.2	0.359375	0.862369
0.291666666666667	0.7	0.703125	0.420940
0.875	0.4	0.463541666666667	0.524973
0.416666666666667	0.2	0.395833333333333	0.641349
0.0416666666666667	0.9	0.3125	0.657435
0.708333333333333	0.8	0.703125	0.111577
0.416666666666667	0.1	0.385416666666667	0.644895
0.25	0.2	0.375	0.701328
0.916666666666667	0.2	0.692708333333333	0.464051
0.25	0.6	0.234375	0.443184
0.625	0.5	0.473958333333333	0.432323
0.416666666666667	0.8	0.401041666666667	0.342827
			
0.0833333333333333	0.7	0.375	0.564443
0.666666666666667	0.2	0.697916666666667	0.641349
0.625	0.3	0.65625	0.420940
0.25	0.5	0.453125	0.644895
0.166666666666667	0.7	0.244791666666667	0.433362
0.208333333333333	0.8	0.114583333333333	0.484301
0.208333333333333	0.7	0.177083333333333	0.737998
0.625	0.8	0.536458333333333	0.242224
0.125	0.9	0.505208333333333	0.501341
0.833333333333333	0.6	0.526041666666667	0.275844
0.416666666666667	0.3	0.296875	0.564443
0.875	0.2	0.796875	0.591499
0.291666666666667	0.9	0.677083333333333	0.210960
0.208333333333333	0.9	0.229166666666667	0.466986
0.0833333333333333	1	0.296875	0.585006
0.166666666666667	0.6	0.255208333333333	0.473479
0.458333333333333	0.6	0.635416666666667	0.305945
0.458333333333333	0.8	0.619791666666667	0.151845
0.25	0.6	0.348958333333333	0.422285
0.458333333333333	0.5	0.114583333333333	0.603147
0.583333333333333	0.6	0.447916666666667	0.305945
0.208333333333333	0.7	0.223958333333333	0.524973
0.5	0.7	0.692708333333333	0.211162
0.25	0.7	0.375	0.287368
0.416666666666667	0.9	0.46875	0.151845
0.625	0.4	0.598958333333333	0.291070
0.333333333333333	0.4	0.161458333333333	0.444537
0.125	0.6	0.432291666666667	0.862369
0.416666666666667	0.3	0.307291666666667	0.524973
0.416666666666667	0.4	0.296875	0.342827
0.0833333333333333	0.6	0.46875	0.644895
0.25	0.4	0.40625	0.644895
0.25	0.7	0.385416666666667	0.249710
0.625	0.5	0.588541666666667	0.151845
0.208333333333333	0.7	0.213541666666667	0.625603
0.416666666666667	0.4	0.307291666666667	0.306146
0.666666666666667	0.3	0.625	0.401149
0.666666666666667	0.4	0.666666666666667	0.249710
0.625	0.1	0.59375	0.644895
0.25	0.4	0.729166666666667	0.625811
0.416666666666667	0.2	0.348958333333333	0.701328
0.375	0.5	0.182291666666667	0.342827
			
0.75	0.5	0.755208333333333	0.287368
0.875	0.5	0.651041666666667	0.210960
0.916666666666667	0.4	0.6875	0.249710
0.875	0.5	0.661458333333333	0.151845
0.791666666666667	0.7	0.661458333333333	0.211162
0.416666666666667	0.2	0.348958333333333	0.701328
0.458333333333333	0.5	0.578125	0.342827
0.666666666666667	0	0.604166666666667	0.625811
0.416666666666667	0.6	0.645833333333333	0.391577
0.458333333333333	0.7	0.5625	0.342827
0.458333333333333	0.7	0.630208333333333	0.313708
0.375	0.2	0.682291666666667	0.567262
0.916666666666667	0.3	0.734375	0.401149
0.833333333333333	0.5	0.682291666666667	0.240264
0.291666666666667	0.8	0.651041666666667	0.357749
0.875	0.3	0.786458333333333	0.379371
0.208333333333333	0.4	0.302083333333333	0.567055
0.25	0.3	0.390625	0.701328
0.208333333333333	0.7	0.239583333333333	0.422082
0.375	0.8	0.401041666666667	0.298262
0.625	0.3	0.588541666666667	0.464051
0.541666666666667	0.1	0.40625	0.862369
0.458333333333333	0.8	0.619791666666667	0.151845
0.291666666666667	0.7	0.6875	0.420940
0.208333333333333	0.4	0.3125	0.506756
0.583333333333333	0.3	0.4375	0.467150
0.375	0.3	0.270833333333333	0.506756
0.291666666666667	0.9	0.666666666666667	0.305945
0.0833333333333333	0.6	0.302083333333333	0.512066
0.583333333333333	0.4	0.494791666666667	0.291070
0.25	0.8	0.6875	0.348387
0.541666666666667	0.5	0.369791666666667	0.298262
0.416666666666667	0.8	0.5	0.210960
0.208333333333333	0.9	0.572916666666667	0.348387
0.625	0.3	0.682291666666667	0.420940
0.583333333333333	0.2	0.557291666666667	0.504753
0.416666666666667	0.7	0.697916666666667	0.348387
0.541666666666667	0.7	0.645833333333333	0.268625
0.708333333333333	0.7	0.760416666666667	0.245315
0.666666666666667	0.1	0.604166666666667	0.403126
0.416666666666667	0.2	0.385416666666667	0.644895
0.0833333333333333	0.6	0.270833333333333	0.561528
0.5	0.8	0.697916666666667	0.131815
0.625	0.2	0.609375	0.473750
0.375	0.4	0.161458333333333	0.422082
0.583333333333333	0.4	0.4375	0.391774
0.541666666666667	0.6	0.796875	0.292653
0.791666666666667	0.4	0.625	0.268625
0.583333333333333	0.2	0.536458333333333	0.556761
0.416666666666667	0.3	0.375	0.473750
0.875	0.4	0.692708333333333	0.245315
			
0.333333333333333	0.5	0.302083333333333	0.603147
0.291666666666667	0.9	0.666666666666667	0.305945
0.375	0.3	0.401041666666667	0.809966
0.458333333333333	0.5	0.125	0.603147
0.25	0.7	0.28125	0.342827
0.416666666666667	0.3	0.296875	0.564443
0.25	0.6	0.28125	0.564443
0.833333333333333	0.5	0.666666666666667	0.200795
0.25	0.6	0.291666666666667	0.524973
0.458333333333333	0.8	0.619791666666667	0.151845
0.416666666666667	0.7	0.578125	0.279010
0.25	0.6	0.328125	0.504743
0.458333333333333	0.6	0.140625	0.583952
0.0833333333333333	0.8	0.265625	0.657435
0.333333333333333	0.6	0.302083333333333	0.378889
0.583333333333333	0.5	0.635416666666667	0.240264
0.625	0.5	0.546875	0.210960
0.666666666666667	0.1	0.734375	0.506960
0.0416666666666667	1	0.229166666666667	0.550296
0.625	0.1	0.5625	0.567262
0.375	0.3	0.307291666666667	0.829282
0.541666666666667	0.2	0.380208333333333	0.809966
0.583333333333333	0.2	0.520833333333333	0.284783
0.208333333333333	0.7	0.177083333333333	0.427848
0.375	0.8	0.395833333333333	0.180565
0.875	0.4	0.786458333333333	0.234988
0.625	0.5	0.489583333333333	0.287368
0.833333333333333	0.5	0.708333333333333	0.180565
0.708333333333333	0.8	0.703125	0.090925
0.0833333333333333	0.6	0.489583333333333	0.701328
0.25	1	0.677083333333333	0.242224
0.25	0.4	0.34375	0.564443
0.666666666666667	0.6	0.791666666666667	0.200795
0.458333333333333	0.7	0.770833333333333	0.234988
0.666666666666667	0.9	0.53125	0.111577
0.208333333333333	0.4	0.588541666666667	0.567262
0.916666666666667	0.4	0.619791666666667	0.230427
0.458333333333333	0.5	0.166666666666667	0.544600
0.5	0.7	0.682291666666667	0.230427
0.333333333333333	0.4	0.34375	0.544600
0.583333333333333	0.3	0.442708333333333	0.467150
0.166666666666667	0.7	0.276041666666667	0.675197
0.208333333333333	0.6	0.322916666666667	0.829282
0.291666666666667	1	0.770833333333333	0.225335
0.291666666666667	0.8	0.619791666666667	0.306146
0.375	0.4	0.203125	0.291070
0.166666666666667	0.6	0.609375	0.433566
0.416666666666667	0.3	0.395833333333333	0.504743
0.0833333333333333	0.7	0.375	0.504743
0.333333333333333	0.8	0.682291666666667	0.287368
			
0.916666666666667	0.3	0.666666666666667	0.443184
0.0833333333333333	0.8	0.333333333333333	0.603147
0.333333333333333	0.4	0.348958333333333	0.737998
0.416666666666667	0.3	0.25	0.564443
0.0833333333333333	0.9	0.322916666666667	0.583952
0.208333333333333	0.5	0.713541666666667	0.567262
0.25	0.5	0.380208333333333	0.644895
0.916666666666667	0.2	0.692708333333333	0.443184
0.541666666666667	0.4	0.416666666666667	0.147143
0.375	0.4	0.161458333333333	0.422082
0.416666666666667	0.3	0.395833333333333	0.473750
0.416666666666667	0.2	0.375	0.644895
0.666666666666667	0.3	0.708333333333333	0.420940
0.291666666666667	0.9	0.734375	0.268625
0.0416666666666667	0.7	0.515625	0.567055
0.666666666666667	0.2	0.65625	0.473750
0.416666666666667	0.9	0.708333333333333	0.120901
0.375	0.5	0.463541666666667	0.147143
0.458333333333333	0.8	0.697916666666667	0.049357
0.0833333333333333	0.6	0.479166666666667	0.644895
0.916666666666667	0.3	0.677083333333333	0.401149
0.0833333333333333	0.8	0.348958333333333	0.342827
0.291666666666667	0.5	0.229166666666667	0.590655
0.0833333333333333	0.8	0.307291666666667	0.873029
0.666666666666667	0.1	0.677083333333333	0.641349
0.25	0.5	0.458333333333333	0.586898
0.625	0.1	0.609375	0.644895
0.375	0.4	0.145833333333333	0.427848
0.416666666666667	0.2	0.348958333333333	0.701328
0.208333333333333	0.6	0.182291666666667	0.279010
0.0833333333333333	0.7	0.421875	0.473750
0.583333333333333	0.2	0.59375	0.591499
0.625	0.3	0.739583333333333	0.444537
0.625	0.5	0.625	0.090925
0.416666666666667	0.3	0.260416666666667	0.524973
0.0833333333333333	0.5	0.333333333333333	0.701328
0.0833333333333333	0.7	0.46875	0.420940
0.458333333333333	0.4	0.109375	0.590655
0.25	0.5	0.40625	0.644895
0.25	0.3	0.4375	0.701328
0.375	0.3	0.307291666666667	0.701328
			
0.0833333333333333	0.7	0.427083333333333	0.682542
0.416666666666667	0.7	0.5	0.391774
0.5	0.4	0.223958333333333	0.484301
0.0416666666666667	0.7	0.338541666666667	0.701328
0.416666666666667	0.8	0.442708333333333	0.354695
0.291666666666667	0.8	0.677083333333333	0.313708
0.708333333333333	0.6	0.697916666666667	0.268625
0.458333333333333	0.6	0.130208333333333	0.583952
0.0833333333333333	0.5	0.364583333333333	0.701328
0.208333333333333	0.8	0.119791666666667	0.463332
0.666666666666667	0	0.692708333333333	0.701328
0.916666666666667	0.4	0.71875	0.230427
0.0833333333333333	0.9	0.473958333333333	0.378889
0.875	0.5	0.713541666666667	0.242421
0.416666666666667	0.8	0.5	0.242421
0.625	0.9	0.359375	0.357749
0.375	0.3	0.338541666666667	0.701328
0.458333333333333	0.5	0.125	0.603147
0.0833333333333333	0.6	0.463541666666667	0.644895
0.0833333333333333	0.8	0.34375	0.564443
0.166666666666667	0.6	0.239583333333333	0.409939
0.625	0.5	0.588541666666667	0.305945
0.208333333333333	0.5	0.276041666666667	0.701328
0.458333333333333	0.5	0.635416666666667	0.357749
0.0833333333333333	0.8	0.427083333333333	0.456141
0.25	0.8	0.25	0.378889
0.75	0.5	0.645833333333333	0.268421
0.458333333333333	0.7	0.572916666666667	0.357749
0.0833333333333333	0.8	0.296875	0.603147
0.416666666666667	0.3	0.307291666666667	0.524973
0.416666666666667	0.8	0.458333333333333	0.275844
0.541666666666667	0.3	0.46875	0.409939
0.125	0.8	0.46875	0.449722
0.5	0.4	0.177083333333333	0.484301
0.666666666666667	0.8	0.703125	0.240264
0.5	0.6	0.875	0.348593
0.708333333333333	0.6	0.760416666666667	0.242421
0.25	0.9	0.229166666666667	0.421347
0.0833333333333333	0.9	0.276041666666667	0.583952
0.666666666666667	0.5	0.411458333333333	0.354695
0.416666666666667	0.1	0.354166666666667	0.644895
0.583333333333333	0.1	0.59375	0.409939
0.375	0.3	0.369791666666667	0.506756
0.208333333333333	0.4	0.296875	0.409939
0.458333333333333	0.7	0.744791666666667	0.348387
0.583333333333333	0.4	0.46875	0.391774
0.291666666666667	0.9	0.666666666666667	0.305945
0.541666666666667	0.3	0.640625	0.284577
0.666666666666667	0.9	0.682291666666667	0.242224
0.291666666666667	0.3	0.505208333333333	0.663804
0.416666666666667	0.8	0.453125	0.317375
0.458333333333333	0.5	0.151041666666667	0.564443
			
0.666666666666667	0.2	0.723958333333333	0.641349
0.125	0.8	0.380208333333333	0.733861
0.875	0.2	0.739583333333333	0.556761
0.458333333333333	0.6	0.635416666666667	0.305945
0.625	0.1	0.609375	0.701328
0.416666666666667	0.3	0.296875	0.564443
0.5	0.6	0.234375	0.501341
0.0833333333333333	0.8	0.40625	0.862369
0.0833333333333333	0.7	0.427083333333333	0.737998
0.291666666666667	0.5	0.4375	0.862369
0.0833333333333333	0.7	0.614583333333333	0.682542
0.416666666666667	0.2	0.421875	0.644895
0.125	0.6	0.432291666666667	0.862369
0.666666666666667	0.6	0.557291666666667	0.357749
0.75	0.5	0.578125	0.378889
0.791666666666667	0.6	0.489583333333333	0.391577
1	0.5	0.552083333333333	0.360933
0.25	0.7	0.380208333333333	0.402917
0.375	1	0.270833333333333	0.583952
0.291666666666667	0.8	0.333333333333333	0.501341
0.291666666666667	0.9	0.666666666666667	0.305945
0.416666666666667	0.9	0.630208333333333	0.242224
0.666666666666667	0.8	0.484375	0.357749
0.458333333333333	0.8	0.630208333333333	0.268625
0.416666666666667	0.7	0.526041666666667	0.291070
0.625	0.5	0.588541666666667	0.305945
0.291666666666667	0.7	0.328125	0.733861
0.375	0.3	0.302083333333333	0.444537
0.25	0.5	0.453125	0.644895
0.416666666666667	0.9	0.479166666666667	0.305945
0.125	0.8	0.520833333333333	0.625338
0.916666666666667	0.1	0.75	0.605562
0.875	0.5	0.651041666666667	0.268625
0.208333333333333	0.9	0.161458333333333	0.733861
0.5	0.3	0.255208333333333	0.737998
0.625	0.4	0.588541666666667	0.357749
0.5	0.5	0.234375	0.733861
0.25	0.9	0.677083333333333	0.391577
0.458333333333333	0.6	0.645833333333333	0.268625
0.916666666666667	0.2	0.807291666666667	0.549129
0.0833333333333333	0.8	0.416666666666667	0.657435
0.666666666666667	0.1	0.6875	0.644895
0.333333333333333	0.4	0.364583333333333	0.625603
0.583333333333333	0.5	0.598958333333333	0.391577
0.291666666666667	0.8	0.786458333333333	0.348387
0.625	0.4	0.598958333333333	0.291070
0.5	0.5	0.244791666666667	0.583952
0.208333333333333	0.7	0.317708333333333	0.737998
0.666666666666667	0.2	0.744791666666667	0.605562
0.583333333333333	0.5	0.609375	0.354896
0.5	0.4	0.348958333333333	0.402917
0.5	0.3	0.276041666666667	0.625603
0.5	0.4	0.255208333333333	0.603147
0.708333333333333	0.6	0.734375	0.210960
0.208333333333333	0.6	0.338541666666667	0.444336
0.666666666666667	0.3	0.625	0.408462
0.458333333333333	0.5	0.635416666666667	0.357749
0.458333333333333	0.7	0.770833333333333	0.234988
0.125	0.7	0.421875	0.954649
0.416666666666667	0.6	0.645833333333333	0.391577
			
0.666666666666667	0.8	0.776041666666667	0.180565
0.0416666666666667	0.8	0.489583333333333	0.422082
0.166666666666667	0.7	0.234375	0.567055
0.583333333333333	0.5	0.515625	0.210960
0.708333333333333	0.8	0.692708333333333	0.151845
0.166666666666667	0.6	0.255208333333333	0.284577
0.208333333333333	0.9	0.109375	0.557320
0.208333333333333	0.5	0.46875	0.422082
0.0416666666666667	0.7	0.364583333333333	0.556761
0.666666666666667	0.9	0.520833333333333	0.151845
0.0833333333333333	0.6	0.453125	0.644895
0.5	0.9	0.822916666666667	0.180565
0.5	0.5	0.197916666666667	0.583952
0.125	0.9	0.380208333333333	0.501341
0.416666666666667	0.3	0.348958333333333	0.504743
0.0416666666666667	0.9	0.479166666666667	0.535442
0.375	0.3	0.307291666666667	0.567055
0.625	0.1	0.609375	0.644895
0.666666666666667	0.3	0.8125	0.348593
0.916666666666667	0.3	0.744791666666667	0.379768
0.375	0.3	0.364583333333333	0.556761
0.375	0.3	0.682291666666667	0.403126
0.0833333333333333	0.5	0.380208333333333	0.701328
0.666666666666667	0.3	0.609375	0.443184
0.625	0.4	0.541666666666667	0.306146
0.666666666666667	0.4	0.661458333333333	0.287368
0.416666666666667	0.4	0.28125	0.342827
0.416666666666667	0.8	0.520833333333333	0.210960
0.25	0.4	0.390625	0.701328
0.25	0.3	0.411458333333333	0.701328
0.5	0.4	0.208333333333333	0.603147
0.708333333333333	0.8	0.703125	0.090925
0.833333333333333	0.5	0.5	0.291070
0.666666666666667	0.2	0.677083333333333	0.403126
0.625	0.3	0.588541666666667	0.464051
0.125	1	0.359375	0.770482
0.416666666666667	0.1	0.375	0.701328
0.25	0.9	0.770833333333333	0.210960
0.833333333333333	0.5	0.682291666666667	0.180565
0.666666666666667	0.3	0.666666666666667	0.401149
0.416666666666667	0.2	0.427083333333333	0.586898
0.208333333333333	0.5	0.223958333333333	0.427848
0.5	0.5	0.208333333333333	0.550296
			
0.25	0.6	0.276041666666667	0.564443
0.458333333333333	0.5	0.635416666666667	0.524773
0.916666666666667	0.1	0.755208333333333	0.586898
0.833333333333333	0.5	0.515625	0.357749
0.875	0.4	0.796875	0.291070
0.125	0.6	0.479166666666667	0.862369
0.625	0.1	0.609375	0.701328
0.875	0.4	0.671875	0.313708
0.625	0.2	0.666666666666667	0.586898
0.375	0.5	0.359375	0.697493
0.5	0.5	0.1875	0.733861
0.208333333333333	0.6	0.302083333333333	0.556761
0.416666666666667	0.6	0.515625	0.242329
0.875	0.5	0.505208333333333	0.432323
0.541666666666667	0.4	0.494791666666667	0.433362
0.5	0.4	0.666666666666667	0.524973
0.208333333333333	0.6	0.546875	0.378374
0.625	0.4	0.567708333333333	0.342827
0.5	0.4	0.208333333333333	0.603147
0.208333333333333	0.7	0.390625	0.245315
0.208333333333333	0.6	0.291666666666667	0.567055
0.5	0.4	0.692708333333333	0.504743
0.625	0.2	0.65625	0.644895
0.916666666666667	0.4	0.630208333333333	0.287368
0.583333333333333	0.5	0.447916666666667	0.524773
0.583333333333333	0.5	0.484375	0.515943
0.416666666666667	0.8	0.645833333333333	0.210960
0.833333333333333	0.5	0.375	0.504743
0.875	0.4	0.473958333333333	0.524973
0.416666666666667	0.2	0.421875	0.701328
0.0833333333333333	0.7	0.322916666666667	0.564443
0.458333333333333	0.5	0.645833333333333	0.484505
0.583333333333333	0.3	0.619791666666667	0.444537
0.375	0.5	0.348958333333333	0.733861
0.583333333333333	0.5	0.598958333333333	0.391577
0.25	0.6	0.286458333333333	0.524973
0.208333333333333	0.6	0.473958333333333	0.506756
0.625	0.5	0.588541666666667	0.305945
0.333333333333333	0.6	0.234375	0.733861
0.5	0.4	0.713541666666667	0.473750
0.791666666666667	0.2	0.635416666666667	0.559230
0.625	0.2	0.864583333333333	0.504753
0.666666666666667	0.1	0.677083333333333	0.625811
0.875	0.3	0.692708333333333	0.424233
0.666666666666667	0.2	0.697916666666667	0.473750
0.5	0.2	0.661458333333333	0.644895
0.0416666666666667	0.7	0.333333333333333	0.567055
0.208333333333333	0.7	0.276041666666667	0.778409
0.25	0.7	0.609375	0.242329
0.583333333333333	0.4	0.526041666666667	0.422082
0.25	0.5	0.401041666666667	0.644895
0.916666666666667	0.3	0.6875	0.401149
0.25	0.6	0.322916666666667	0.504743
0.625	0.3	0.541666666666667	0.443184
0.583333333333333	0.3	0.614583333333333	0.506756
0.458333333333333	0.5	0.671875	0.357749
0.916666666666667	0.3	0.755208333333333	0.366855
0.416666666666667	0.3	0.244791666666667	0.564443
0.458333333333333	0.6	0.0833333333333333	0.733861
0.458333333333333	0.4	0.869791666666667	0.444537
0.875	0.5	0.520833333333333	0.287368
0.25	0.7	0.255208333333333	0.873029
0.25	0.8	0.255208333333333	0.268421
0.375	0.4	0.401041666666667	0.625338
0.458333333333333	0.5	0.729166666666667	0.348387
0.5	0.5	0.645833333333333	0.432323
0.916666666666667	0.2	0.645833333333333	0.464051
			
0.666666666666667	0.2	0.671875	0.567262
0.5	0.5	0.1875	0.733861
0.5	0.4	0.208333333333333	0.437525
0.5	0.5	0.197916666666667	0.583952
0.583333333333333	0.3	0.4375	0.279010
0.666666666666667	0.2	0.765625	0.366855
0.916666666666667	0.1	0.765625	0.366855
0.416666666666667	0.3	0.25	0.564443
0.166666666666667	0.7	0.0416666666666667	0.027109
0.0416666666666667	0.8	0.208333333333333	0.291070
0.333333333333333	0.5	0.255208333333333	0.437525
0.416666666666667	0.3	0.380208333333333	0.524973
0.541666666666667	0.5	0.333333333333333	0.291070
0.25	0.4	0.296875	0.564443
0.416666666666667	0.5	0.505208333333333	0.291070
0.5	0.3	0.333333333333333	0.512066
0.916666666666667	0.2	0.703125	0.473750
0.0833333333333333	0.6	0.46875	0.644895
0.375	0.3	0.354166666666667	0.809966
0.625	0.1	0.651041666666667	0.644895
0.541666666666667	0.4	0.375	0.027109
0.333333333333333	0.4	0.239583333333333	0.809966
0.166666666666667	0.6	0.166666666666667	0.151732
0.416666666666667	0.2	0.375	0.644895
0.5	0.5	0.255208333333333	0.378889
0.916666666666667	0.1	0.703125	0.567262
0.0416666666666667	0.7	0.302083333333333	0.423408
			
0.916666666666667	0.1	0.729166666666667	0.641349
0.25	0.3	0.390625	0.701328
0.208333333333333	0.8	0.109375	0.603147
0.0833333333333333	0.7	0.421875	0.504743
0.0833333333333333	0.8	0.286458333333333	0.603147
0.916666666666667	0.1	0.739583333333333	0.583888
0.416666666666667	0.2	0.348958333333333	0.701328
0.416666666666667	0.8	0.546875	0.210960
0.208333333333333	0.7	0.1875	0.291070
0.458333333333333	0.2	0.536458333333333	0.644895
0.25	0.8	0.15625	0.530983
0.416666666666667	0.6	0.604166666666667	0.197337
0.5	0.5	0.65625	0.342827
0.416666666666667	0.2	0.40625	0.644895
0.583333333333333	0.2	0.546875	0.357130
0.25	0.6	0.25	0.564443
0.25	0.9	0.713541666666667	0.268625
0.583333333333333	0.3	0.416666666666667	0.279010
0.416666666666667	0.3	0.588541666666667	0.357130
0.541666666666667	0.4	0.489583333333333	0.506756
0.25	0.4	0.34375	0.564443
0.0833333333333333	0.7	0.359375	0.564443
0.125	0.6	0.385416666666667	0.862369
0.541666666666667	0.5	0.302083333333333	0.501341
0.125	0.7	0.354166666666667	0.954649
0.25	0.6	0.322916666666667	0.524973
0.625	0.1	0.588541666666667	0.701328
0.5	0.6	0.255208333333333	0.298262
0.0833333333333333	0.8	0.40625	0.342827
0.375	0.3	0.286458333333333	0.567055
0.875	0.5	0.651041666666667	0.151845
0.208333333333333	0.5	0.359375	0.357130
0.416666666666667	0.4	0.557291666666667	0.357130
			
0.25	0.6	0.276041666666667	0.625603
0.458333333333333	0.2	0.552083333333333	0.663804
0.416666666666667	0.2	0.447916666666667	0.701328
0.541666666666667	0.9	0.786458333333333	0.210960
0.5	0.5	0.208333333333333	0.378889
0.25	0.8	0.239583333333333	0.378889
0.333333333333333	0.5	0.302083333333333	0.603147
0.916666666666667	0.3	0.598958333333333	0.443184
0.125	0.6	0.453125	0.838899
0.375	0.2	0.713541666666667	0.567262
0.125	0.6	0.432291666666667	0.862369
0.0833333333333333	0.8	0.395833333333333	0.402917
0.291666666666667	0.2	0.479166666666667	0.792295
0.708333333333333	0.8	0.703125	0.090925
0.375	0.4	0.208333333333333	0.422082
0.625	0.4	0.604166666666667	0.263793
0.5	0.5	0.182291666666667	0.583952
0.208333333333333	0.6	0.333333333333333	0.444537
0.375	0.6	0.322916666666667	0.396912
0.333333333333333	0.3	0.666666666666667	0.423408
0.625	0.3	0.614583333333333	0.379768
0.666666666666667	0.2	0.677083333333333	0.473750
0.208333333333333	0.8	0.380208333333333	0.354695
0.333333333333333	0.6	0.479166666666667	0.268421
0.0833333333333333	0.7	0.291666666666667	0.625603
0.25	0.7	0.380208333333333	0.402917
0.208333333333333	0.7	0.536458333333333	0.348387
0.625	0.5	0.46875	0.287368
0.208333333333333	0.7	0.177083333333333	0.427848
0.208333333333333	0.8	0.119791666666667	0.463332
0.5	0.1	0.520833333333333	0.792295
0.416666666666667	0.7	0.890625	0.263557
0.625	0.4	0.552083333333333	0.313708
0.583333333333333	0.5	0.489583333333333	0.210960
0.5	0.2	0.671875	0.605562
0.458333333333333	0.7	0.744791666666667	0.234988
0.583333333333333	0.4	0.5	0.336313
0.25	0.8	0.25	0.342827
0.25	0.4	0.338541666666667	0.524973
0.0416666666666667	0.7	0.375	0.444537
0.208333333333333	0.7	0.515625	0.396163
0.208333333333333	0.8	0.114583333333333	0.484301
0.0833333333333333	0.8	0.40625	0.384961
0.25	0.8	0.265625	0.230427
0.666666666666667	0.4	0.651041666666667	0.230427
0.458333333333333	0.5	0.645833333333333	0.313708
0.5	0.3	0.244791666666667	0.625603
0.625	0.1	0.572916666666667	0.567262
0.625	0.5	0.598958333333333	0.111577
0.0833333333333333	0.6	0.505208333333333	0.701328
0.375	0.3	0.302083333333333	0.444537
0.583333333333333	0.4	0.723958333333333	0.321941
0.0833333333333333	0.8	0.255208333333333	0.484301
0.583333333333333	0.5	0.609375	0.200795
0.5	0.4	0.1875	0.603147
			
0.25	0.6	0.286458333333333	0.660296
0.416666666666667	0.1	0.375	0.701328
0.0833333333333333	0.7	0.40625	0.564443
0.416666666666667	0.6	0.447916666666667	0.279010
0.0833333333333333	0.7	0.380208333333333	0.660296
0.25	0.4	0.34375	0.564443
0.0416666666666667	0.8	0.239583333333333	0.422082
0.25	0.6	0.3125	0.504743
0.208333333333333	0.7	0.239583333333333	0.422082
0.875	0.5	0.651041666666667	0.210960
0.583333333333333	0.2	0.625	0.357130
0.25	0.4	0.354166666666667	0.524973
0.0833333333333333	0.5	0.380208333333333	0.701328
0.416666666666667	0.7	0.447916666666667	0.121523
0.208333333333333	0.7	0.229166666666667	0.515943
0.0833333333333333	0.7	0.453125	0.504743
0.416666666666667	0.2	0.375	0.473750
0.208333333333333	0.5	0.291666666666667	0.701328
0.25	0.7	0.515625	0.279010
0.416666666666667	0.5	0.604166666666667	0.357130
0.875	0.5	0.671875	0.111577
0.208333333333333	0.5	0.302083333333333	0.556761
0.25	0.7	0.34375	0.397112
0.0833333333333333	0.7	0.46875	0.473750
0.208333333333333	0.7	0.354166666666667	0.357749
0.0416666666666667	0.9	0.229166666666667	0.535442
0.208333333333333	0.8	0.21875	0.607683
0.375	0.4	0.171875	0.379578
0.583333333333333	0.3	0.4375	0.279010
0.625	0.1	0.619791666666667	0.567262
0.416666666666667	0.3	0.260416666666667	0.524973
0.208333333333333	0.8	0.197916666666667	0.956113
0.208333333333333	0.8	0.239583333333333	0.210960
0.875	0.5	0.53125	0.249710
			
0.625	0.3	0.65625	0.442975
0.208333333333333	0.4	0.666666666666667	0.625811
0.916666666666667	0.3	0.75	0.366855
0.666666666666667	0.3	0.604166666666667	0.504743
0.833333333333333	0.5	0.489583333333333	0.357749
0.916666666666667	0.1	0.838541666666667	0.586898
0.583333333333333	0.4	0.666666666666667	0.317170
0.666666666666667	0.3	0.703125	0.401149
0.916666666666667	0.3	0.697916666666667	0.401149
0.375	0.4	0.489583333333333	0.809966
0.125	0.6	0.432291666666667	0.862369
0.625	0.3	0.541666666666667	0.524973
0.666666666666667	0.4	0.572916666666667	0.432323
0.208333333333333	0.8	0.114583333333333	0.463332
0.625	0.4	0.567708333333333	0.524773
0.0833333333333333	0.9	0.265625	0.733861
0.458333333333333	0.8	0.630208333333333	0.210960
0.5	0.4	0.208333333333333	0.603147
0.125	0.6	0.442708333333333	0.809966
0.0833333333333333	0.6	0.46875	0.701328
0.625	0.4	0.78125	0.292449
0.125	0.9	0.380208333333333	0.501341
0.208333333333333	0.5	0.255208333333333	0.422082
0.0833333333333333	0.8	0.286458333333333	0.603147
0.666666666666667	0.2	0.723958333333333	0.641349
0.625	0.2	0.661458333333333	0.644895
0.458333333333333	0.6	0.890625	0.151845
0.666666666666667	0.9	0.546875	0.151845
0.5	0.4	0.265625	0.564443
0.625	0.5	0.588541666666667	0.305945
0.666666666666667	0.2	0.828125	0.506960
0.833333333333333	0.6	0.479166666666667	0.305945
0.375	0.4	0.385416666666667	0.862369
0.625	0.4	0.588541666666667	0.357749
0.958333333333333	0.6	0.546875	0.287368
0.0833333333333333	0.7	0.328125	0.564443
0.0833333333333333	0.9	0.276041666666667	0.583952
0.875	0.4	0.489583333333333	0.464051
0.625	0.3	0.713541666666667	0.379371
0.208333333333333	0.8	0.109375	0.603147
0.0416666666666667	0.8	0.40625	0.422082
0.916666666666667	0.2	0.677083333333333	0.586898
0.25	0.8	0.255208333333333	0.268421
0.666666666666667	0.4	0.604166666666667	0.287368
0.416666666666667	0.3	0.28125	0.564443
0.5	0.5	0.197916666666667	0.583952
0.708333333333333	0.2	0.526041666666667	0.657435
0.666666666666667	0.3	0.614583333333333	0.464051
0.833333333333333	0.5	0.651041666666667	0.240264
0.583333333333333	0.3	0.552083333333333	0.556761
0.416666666666667	0.6	0.625	0.240264
0.416666666666667	0.6	0.515625	0.379578
0.416666666666667	0.1	0.359375	0.701328
0.541666666666667	0.5	0.53125	0.317170
0.458333333333333	0.5	0.145833333333333	0.603147
0.666666666666667	0.2	0.744791666666667	0.567262
0.666666666666667	0.4	0.583333333333333	0.397112
0.75	0.5	0.645833333333333	0.268421
0.166666666666667	0.6	0.125	0.422082
0.208333333333333	0.7	0.234375	0.291070
0.875	0.1	0.854166666666667	0.506960
0.458333333333333	0.4	0.671875	0.357749
0.458333333333333	0.5	0.598958333333333	0.291070
			
0.625	0.3	0.53125	0.564443
0.125	0.6	0.432291666666667	0.809966
0.583333333333333	0.4	0.489583333333333	0.422082
0.625	0.3	0.541666666666667	0.524973
0.916666666666667	0.1	0.729166666666667	0.701328
0.375	0.3	0.333333333333333	0.701328
0.916666666666667	0.3	0.682291666666667	0.495043
0.541666666666667	0.4	0.359375	0.697493
0.416666666666667	0.5	0.536458333333333	0.422082
0.625	0.4	0.484375	0.564443
0.333333333333333	0.5	0.255208333333333	0.603147
0.291666666666667	0.5	0.411458333333333	0.809966
0.666666666666667	0.4	0.427083333333333	0.501044
0.458333333333333	0.3	0.6875	0.544600
0.916666666666667	0.3	0.786458333333333	0.420940
0.458333333333333	0.5	0.53125	0.564443
0.458333333333333	0.4	0.588541666666667	0.524973
0.208333333333333	0.6	0.364583333333333	0.567055
0.916666666666667	0.2	0.786458333333333	0.567262
0.0416666666666667	0.7	0.333333333333333	0.701328
0.5	0.5	0.296875	0.342827
0.875	0.3	0.770833333333333	0.444537
0.166666666666667	0.7	0.265625	0.556761
0.208333333333333	0.6	0.338541666666667	0.701328
0.125	0.9	0	0.298262
0.583333333333333	0.4	0.494791666666667	0.291070
0.541666666666667	0.2	0.34375	0.809966
0.541666666666667	0.4	0.302083333333333	0.733861
0.458333333333333	0.6	0.6875	0.420940
0.0833333333333333	0.7	0.390625	0.636772
0.25	0.4	0.4375	0.644895
0.5	0.4	0.302083333333333	0.904499
0.583333333333333	0.5	0.526041666666667	0.210960
0.166666666666667	0.8	0.109375	0.422082
0.416666666666667	0.6	0.494791666666667	0.524773
0.0416666666666667	0.8	0.260416666666667	0.564443
0.416666666666667	0.9	0.489583333333333	0.210960
0.5	0.3	0.380208333333333	0.682542
0.416666666666667	0.8	0.53125	0.171878
0.666666666666667	0.3	0.604166666666667	0.504743
0.458333333333333	0.2	0.5625	0.606343
0.541666666666667	0.4	0.729166666666667	0.456141
0.583333333333333	0.3	0.614583333333333	0.506756
0.916666666666667	0.3	0.6875	0.443184
0.208333333333333	0.7	0.171875	0.245315
0.375	0.3	0.317708333333333	0.809966
0.458333333333333	0.6	0.520833333333333	0.432323
0.5	0.2	0.385416666666667	0.682542
			
0.25	0.6	0.28125	0.564443
0.416666666666667	0.3	0.432291666666667	0.501533
0.416666666666667	0.3	0.25	0.564443
0.916666666666667	0.4	0.677083333333333	0.287368
0.375	0.3	0.34375	0.566774
0.666666666666667	0.3	0.708333333333333	0.366855
0.416666666666667	0.2	0.375	0.644895
0.458333333333333	0.5	0.0885416666666667	0.463332
0.5	0.4	0.713541666666667	0.473750
0.0833333333333333	0.6	0.421875	0.644895
0.25	0.4	0.338541666666667	0.564443
0.666666666666667	0.4	0.609375	0.342827
0.25	0.7	0.239583333333333	0.603147
0.25	0.4	0.447916666666667	0.501533
0.416666666666667	0.3	0.260416666666667	0.524973
0.875	0.4	0.609375	0.291070
0.666666666666667	0.4	0.65625	0.306146
0.708333333333333	0.8	0.703125	0.111577
0.416666666666667	0.2	0.348958333333333	0.701328
0.875	0.5	0.552083333333333	0.287368
0.916666666666667	0.3	0.723958333333333	0.342827
0.208333333333333	0.8	0.109375	0.603147
0.625	0.5	0.588541666666667	0.151845
0.583333333333333	0.4	0.489583333333333	0.422082
0.416666666666667	0.4	0.765625	0.423408
0.625	0.2	0.651041666666667	0.524973
0.5	0.4	0.723958333333333	0.366855
0.625	0.2	0.567708333333333	0.564443
0.333333333333333	0.5	0.255208333333333	0.603147
0.25	0.6	0.291666666666667	0.524973
0.0833333333333333	0.8	0.286458333333333	0.603147
0.625	0.4	0.645833333333333	0.313708
0.916666666666667	0.4	0.697916666666667	0.249710
0.25	0.8	0.208333333333333	0.583952
0.583333333333333	0.3	0.604166666666667	0.379578
0.916666666666667	0.2	0.770833333333333	0.420940
0.0833333333333333	0.7	0.328125	0.564443
0.666666666666667	0.3	0.6875	0.367770
0.666666666666667	0.4	0.427083333333333	0.501044
0.541666666666667	0.9	0.973958333333333	0.171878
0.25	0.3	0.421875	0.695266
0.375	0.3	0.328125	0.643392
0.625	0.1	0.619791666666667	0.644895
0.916666666666667	0.3	0.78125	0.306146
0.458333333333333	0.2	0.8125	0.625811
0.375	0.5	0.234375	0.305945
0.625	0.4	0.901041666666667	0.292449
0.375	0.3	0.338541666666667	0.594910
0.375	0.3	0.302083333333333	0.695266
0.0833333333333333	0.9	0.286458333333333	0.378889
0.25	0.7	0.28125	0.342827
0.625	0.4	0.572916666666667	0.357749
0.25	0.6	0.40625	0.420940
0.333333333333333	0.8	0.78125	0.306146
0.291666666666667	0.6	0.135416666666667	0.463332
0.416666666666667	0.8	0.65625	0.259912
0.5	0.4	0.171875	0.518021

