
21.0, 7.0, 889.0, 1000.0, 0.3167290023159103
32.0, 4.0, 903.0, 1000.0, 0.3147699106613173
18.0, 8.0, 903.0, 1000.0, 0.3198905209919739
11.0, 6.0, 874.0, 1000.0, 0.3306961136097806
16.0, 6.0, 827.0, 1000.0, 0.32455769299320447
12.0, 7.0, 836.0, 1000.0, 0.32455769299320447
19.0, 4.0, 853.0, 1000.0, 0.33133574087388284
20.0, 7.0, 873.0, 1000.0, 0.31952874182898455
17.0, 6.0, 851.0, 1000.0, 0.32196378911482787
19.0, 8.0, 872.0, 1000.0, 0.30461848879626924
13.0, 6.0, 855.0, 1000.0, 0.33508209375090225
20.0, 7.0, 901.0, 1000.0, 0.3149493803347521
28.0, 5.0, 895.0, 1000.0, 0.316076619815833
17.0, 8.0, 948.0, 1000.0, 0.31952874182898455
20.0, 2.0, 856.0, 1000.0, 0.32739972479081786
25.0, 2.0, 901.0, 1000.0, 0.32535094104447115
25.0, 3.0, 877.0, 1000.0, 0.3202741639587604
16.0, 9.0, 881.0, 1000.0, 0.3228444338754327
31.0, 5.0, 898.0, 1000.0, 0.3141077947994853
17.0, 8.0, 903.0, 1000.0, 0.3217338643040248
16.0, 4.0, 855.0, 1000.0, 0.3375969193782836
18.0, 10.0, 917.0, 1000.0, 0.3195027725864901
32.0, 7.0, 878.0, 1000.0, 0.31436280008045814
24.0, 6.0, 904.0, 1000.0, 0.316076619815833
31.0, 5.0, 900.0, 1000.0, 0.3099824831149566
15.0, 6.0, 869.0, 1000.0, 0.32464999372084336
11.0, 7.0, 875.0, 1000.0, 0.324373558934295
18.0, 5.0, 835.0, 1000.0, 0.32592495172259794
16.0, 5.0, 851.0, 1000.0, 0.32739972479081786
24.0, 4.0, 855.0, 1000.0, 0.3197324178766068
27.0, 7.0, 912.0, 1000.0, 0.3114995092168783
15.0, 7.0, 827.0, 1000.0, 0.3306886202078364
32.0, 4.0, 908.0, 1000.0, 0.31343962984570867
22.0, 7.0, 885.0, 1000.0, 0.3167290023159103
25.0, 1.0, 892.0, 1000.0, 0.3273997247908179
22.0, 4.0, 837.0, 1000.0, 0.32256901514091973
22.0, 5.0, 818.0, 1000.0, 0.32111498245703196
31.0, 4.0, 902.0, 1000.0, 0.31490068374657415
30.0, 5.0, 899.0, 1000.0, 0.31310594570185724
23.0, 5.0, 898.0, 1000.0, 0.31800293054254103
20.0, 2.0, 845.0, 1000.0, 0.32939324659663194
22.0, 7.0, 895.0, 1000.0, 0.3147699106613173
21.0, 7.0, 871.0, 1000.0, 0.32101133142288507
31.0, 4.0, 913.0, 1000.0, 0.3132843557312403
31.0, 5.0, 872.0, 1000.0, 0.3186466581577645
31.0, 5.0, 892.0, 1000.0, 0.31542613530276165
20.0, 2.0, 847.0, 1000.0, 0.3273997247908179
17.0, 7.0, 917.0, 1000.0, 0.32135392836424115
28.0, 5.0, 912.0, 1000.0, 0.3147699106613173
20.0, 7.0, 875.0, 1000.0, 0.3180272653222272
27.0, 6.0, 905.0, 1000.0, 0.31542613530276165
25.0, 4.0, 875.0, 1000.0, 0.3167290023159103
21.0, 5.0, 895.0, 1000.0, 0.32315634635756013
24.0, 5.0, 897.0, 1000.0, 0.3171553466225488
21.0, 6.0, 912.0, 1000.0, 0.3194884047260117
13.0, 6.0, 857.0, 1000.0, 0.3332309271649855
17.0, 8.0, 951.0, 1000.0, 0.31327711706826655
18.0, 9.0, 921.0, 1000.0, 0.3147699106613173
15.0, 9.0, 830.0, 1000.0, 0.32366300230840017
20.0, 3.0, 821.0, 1000.0, 0.32455769299320447
19.0, 3.0, 849.0, 1000.0, 0.33508209375090225
17.0, 8.0, 914.0, 1000.0, 0.3197324178766068
12.0, 6.0, 863.0, 1000.0, 0.32939324659663194
27.0, 5.0, 920.0, 1000.0, 0.3157003900795965
16.0, 7.0, 904.0, 1000.0, 0.32251989040519613
26.0, 1.0, 905.0, 1000.0, 0.32739972479081786
30.0, 6.0, 865.0, 1000.0, 0.31542613530276165

21.0, 5.0, 815.0, 1000.0, 0.3295666407212567
20.0, 8.0, 858.0, 1000.0, 0.317148251254018
32.0, 2.0, 931.0, 1000.0, 0.32196795438041426
26.0, 4.0, 895.0, 1000.0, 0.3147699106613173
22.0, 4.0, 813.0, 1000.0, 0.32592495172259794
12.0, 5.0, 837.0, 1000.0, 0.32939324659663194
22.0, 3.0, 820.0, 1000.0, 0.3267181997738647
18.0, 8.0, 910.0, 1000.0, 0.3147699106613173
21.0, 7.0, 894.0, 1000.0, 0.3157003900795965
22.0, 7.0, 903.0, 1000.0, 0.3127584422889942
22.0, 5.0, 811.0, 1000.0, 0.3252468682277554
25.0, 3.0, 915.0, 1000.0, 0.3203219898802513
21.0, 6.0, 900.0, 1000.0, 0.31542613530276165
20.0, 3.0, 821.0, 1000.0, 0.32455769299320447
25.0, 1.0, 890.0, 1000.0, 0.32939324659663194
26.0, 3.0, 897.0, 1000.0, 0.32101133142288507
22.0, 4.0, 815.0, 1000.0, 0.32455769299320447
22.0, 2.0, 906.0, 1000.0, 0.32739972479081786
15.0, 6.0, 844.0, 1000.0, 0.3242863302426112
25.0, 5.0, 891.0, 1000.0, 0.31542613530276165
31.0, 4.0, 904.0, 1000.0, 0.3132843557312403
22.0, 7.0, 892.0, 1000.0, 0.3147699106613173
31.0, 4.0, 893.0, 1000.0, 0.3157003900795965
25.0, 4.0, 915.0, 1000.0, 0.316925426473629
26.0, 3.0, 904.0, 1000.0, 0.3202741639587604
19.0, 4.0, 817.0, 1000.0, 0.3172561421796807
25.0, 1.0, 892.0, 1000.0, 0.32535094104447115
24.0, 2.0, 864.0, 1000.0, 0.32535094104447115
16.0, 8.0, 828.0, 1000.0, 0.31800293054254103
21.0, 8.0, 875.0, 1000.0, 0.3147699106613173
24.0, 3.0, 926.0, 1000.0, 0.31957557812454396
26.0, 3.0, 886.0, 1000.0, 0.3224487923443671
22.0, 3.0, 924.0, 1000.0, 0.32394959440882687
20.0, 5.0, 798.0, 1000.0, 0.3306886202078364
15.0, 7.0, 820.0, 1000.0, 0.32548365073387375
22.0, 5.0, 809.0, 1000.0, 0.3305424928226161
22.0, 6.0, 814.0, 1000.0, 0.32232861197569557
22.0, 7.0, 899.0, 1000.0, 0.31343962984570867
18.0, 8.0, 912.0, 1000.0, 0.3127584422889942
15.0, 6.0, 834.0, 1000.0, 0.32464999372084336
30.0, 5.0, 875.0, 1000.0, 0.3170944797880396
29.0, 2.0, 904.0, 1000.0, 0.324373558934295
33.0, 6.0, 876.0, 1000.0, 0.314946845794059
23.0, 2.0, 846.0, 1000.0, 0.33508209375090225
22.0, 5.0, 904.0, 1000.0, 0.3147699106613173
15.0, 7.0, 818.0, 1000.0, 0.3306886202078364
16.0, 4.0, 836.0, 1000.0, 0.32455769299320447
21.0, 8.0, 897.0, 1000.0, 0.3099824831149566
12.0, 7.0, 831.0, 1000.0, 0.3202741639587604
11.0, 8.0, 845.0, 1000.0, 0.31952874182898455
25.0, 3.0, 899.0, 1000.0, 0.32135392836424115
31.0, 2.0, 930.0, 1000.0, 0.3224491184468963

15.0, 6.0, 843.0, 1000.0, 0.32464999372084336
16.0, 8.0, 815.0, 1000.0, 0.3305424928226161
24.0, 4.0, 867.0, 1000.0, 0.31952874182898455
15.0, 6.0, 845.0, 1000.0, 0.32251989040519613
14.0, 7.0, 818.0, 1000.0, 0.32464999372084336
27.0, 8.0, 903.0, 1000.0, 0.3099824831149566
26.0, 1.0, 912.0, 1000.0, 0.32939324659663194
16.0, 6.0, 822.0, 1000.0, 0.3202741639587604
25.0, 3.0, 877.0, 1000.0, 0.3202741639587604
20.0, 9.0, 860.0, 1000.0, 0.3129942326955082
15.0, 7.0, 830.0, 1000.0, 0.31490068374657415
19.0, 3.0, 839.0, 1000.0, 0.32251989040519613
12.0, 6.0, 869.0, 1000.0, 0.32939324659663194
25.0, 4.0, 886.0, 1000.0, 0.3172561421796807
20.0, 6.0, 863.0, 1000.0, 0.31050410309039733
20.0, 2.0, 912.0, 1000.0, 0.3267255535828645
25.0, 5.0, 886.0, 1000.0, 0.31542613530276165
20.0, 5.0, 887.0, 1000.0, 0.31909979507236236
28.0, 5.0, 914.0, 1000.0, 0.31343962984570867
20.0, 5.0, 876.0, 1000.0, 0.31952874182898455
20.0, 2.0, 845.0, 1000.0, 0.32939324659663194
32.0, 4.0, 903.0, 1000.0, 0.3147699106613173
25.0, 2.0, 901.0, 1000.0, 0.324657280379337
12.0, 7.0, 831.0, 1000.0, 0.3202741639587604
20.0, 2.0, 854.0, 1000.0, 0.3273997247908179
13.0, 6.0, 856.0, 1000.0, 0.33508209375090225
30.0, 6.0, 844.0, 1000.0, 0.3198905209919739
24.0, 6.0, 859.0, 1000.0, 0.31542613530276165
26.0, 4.0, 897.0, 1000.0, 0.3167290023159103
21.0, 5.0, 895.0, 1000.0, 0.3172561421796807
14.0, 7.0, 820.0, 1000.0, 0.31992722703493487
16.0, 5.0, 846.0, 1000.0, 0.324657280379337
16.0, 7.0, 872.0, 1000.0, 0.31050410309039733
15.0, 7.0, 819.0, 1000.0, 0.31952874182898455
24.0, 5.0, 857.0, 1000.0, 0.3172561421796807
16.0, 3.0, 857.0, 1000.0, 0.33399664264398404
25.0, 3.0, 879.0, 1000.0, 0.3187892693615794
22.0, 5.0, 899.0, 1000.0, 0.3167290023159103
16.0, 9.0, 815.0, 1000.0, 0.32232861197569557
20.0, 3.0, 827.0, 1000.0, 0.32101133142288507
22.0, 5.0, 809.0, 1000.0, 0.3305424928226161
24.0, 4.0, 849.0, 1000.0, 0.3202741639587604
19.0, 3.0, 837.0, 1000.0, 0.32464999372084336
32.0, 1.0, 918.0, 1000.0, 0.32535094104447115
31.0, 4.0, 897.0, 1000.0, 0.31490068374657415
23.0, 9.0, 912.0, 1000.0, 0.3099824831149566
11.0, 8.0, 816.0, 1000.0, 0.31953590219638406

19.0, 3.0, 844.0, 1000.0, 0.32464999372084336
16.0, 6.0, 823.0, 1000.0, 0.3306886202078364
27.0, 8.0, 923.0, 1000.0, 0.3099824831149566
20.0, 3.0, 825.0, 1000.0, 0.32455769299320447
12.0, 8.0, 839.0, 1000.0, 0.32455769299320447
32.0, 1.0, 918.0, 1000.0, 0.32535094104447115
19.0, 3.0, 860.0, 1000.0, 0.32251989040519613
12.0, 8.0, 837.0, 1000.0, 0.32592495172259794
22.0, 5.0, 818.0, 1000.0, 0.31800293054254103
13.0, 9.0, 848.0, 1000.0, 0.3173758046220406
20.0, 8.0, 882.0, 1000.0, 0.3100916713370855
20.0, 7.0, 881.0, 1000.0, 0.31184623447835935
22.0, 4.0, 807.0, 1000.0, 0.3217266423539294
20.0, 4.0, 822.0, 1000.0, 0.3127584422889942
12.0, 10.0, 825.0, 1000.0, 0.3173758046220406
16.0, 6.0, 838.0, 1000.0, 0.3202741639587604
16.0, 7.0, 823.0, 1000.0, 0.31512146542344377
15.0, 7.0, 816.0, 1000.0, 0.32316342220983163
15.0, 6.0, 835.0, 1000.0, 0.32939324659663194
15.0, 4.0, 840.0, 1000.0, 0.32464999372084336
12.0, 7.0, 826.0, 1000.0, 0.3306886202078364
16.0, 6.0, 825.0, 1000.0, 0.3287295990899622
31.0, 5.0, 917.0, 1000.0, 0.3099824831149566
12.0, 7.0, 849.0, 1000.0, 0.3267181997738647
18.0, 5.0, 834.0, 1000.0, 0.3217266423539294
18.0, 6.0, 831.0, 1000.0, 0.31800293054254103
20.0, 2.0, 854.0, 1000.0, 0.3194884047260117
11.0, 8.0, 830.0, 1000.0, 0.333287240091028
15.0, 8.0, 805.0, 1000.0, 0.3209859318223715
20.0, 4.0, 840.0, 1000.0, 0.3120778874092929
16.0, 3.0, 848.0, 1000.0, 0.32939324659663194
11.0, 9.0, 832.0, 1000.0, 0.3198327836600704
15.0, 8.0, 810.0, 1000.0, 0.3188679787255795
19.0, 4.0, 804.0, 1000.0, 0.32455769299320447
20.0, 1.0, 836.0, 1000.0, 0.32939324659663194
12.0, 8.0, 855.0, 1000.0, 0.32256901514091973
14.0, 2.0, 859.0, 1000.0, 0.324657280379337
16.0, 6.0, 826.0, 1000.0, 0.3267181997738647
16.0, 4.0, 839.0, 1000.0, 0.32455769299320447
18.0, 4.0, 836.0, 1000.0, 0.3306886202078364
32.0, 1.0, 920.0, 1000.0, 0.324657280379337
20.0, 3.0, 855.0, 1000.0, 0.31693272227238495
21.0, 5.0, 792.0, 1000.0, 0.32592495172259794
12.0, 9.0, 860.0, 1000.0, 0.3127584422889942
26.0, 1.0, 900.0, 1000.0, 0.3273997247908179
15.0, 7.0, 807.0, 1000.0, 0.3306886202078364
18.0, 6.0, 829.0, 1000.0, 0.3252468682277554
16.0, 5.0, 840.0, 1000.0, 0.3127584422889942
20.0, 3.0, 827.0, 1000.0, 0.32316342220983163
20.0, 2.0, 849.0, 1000.0, 0.3273997247908179
11.0, 6.0, 875.0, 1000.0, 0.32859999854536526
22.0, 6.0, 811.0, 1000.0, 0.3186395980682158
19.0, 4.0, 813.0, 1000.0, 0.31952874182898455
30.0, 6.0, 900.0, 1000.0, 0.3119774784808865
20.0, 3.0, 839.0, 1000.0, 0.3224487923443671

16.0, 5.0, 855.0, 1000.0, 0.32535094104447115
25.0, 5.0, 888.0, 1000.0, 0.31207073973626553
18.0, 8.0, 911.0, 1000.0, 0.3167290023159103
15.0, 6.0, 843.0, 1000.0, 0.32464999372084336
22.0, 6.0, 826.0, 1000.0, 0.32151085189699113
12.0, 6.0, 863.0, 1000.0, 0.32939324659663194
18.0, 4.0, 830.0, 1000.0, 0.3295666407212567
20.0, 9.0, 861.0, 1000.0, 0.31542613530276165
19.0, 3.0, 893.0, 1000.0, 0.3267255535828645
17.0, 9.0, 903.0, 1000.0, 0.3141077947994853
20.0, 7.0, 869.0, 1000.0, 0.31952874182898455
23.0, 2.0, 836.0, 1000.0, 0.33508209375090225
20.0, 3.0, 838.0, 1000.0, 0.32316342220983163
32.0, 3.0, 905.0, 1000.0, 0.3202741639587604
22.0, 2.0, 837.0, 1000.0, 0.33058709615108783
21.0, 4.0, 815.0, 1000.0, 0.3295666407212567
26.0, 1.0, 903.0, 1000.0, 0.3267255535828645
21.0, 7.0, 883.0, 1000.0, 0.3154332306712925
25.0, 4.0, 874.0, 1000.0, 0.31952874182898455
18.0, 4.0, 828.0, 1000.0, 0.33508209375090225
30.0, 6.0, 865.0, 1000.0, 0.31542613530276165
21.0, 8.0, 892.0, 1000.0, 0.3099824831149566
20.0, 2.0, 854.0, 1000.0, 0.32939324659663194
15.0, 5.0, 829.0, 1000.0, 0.32939324659663194
25.0, 4.0, 885.0, 1000.0, 0.3172561421796807
21.0, 8.0, 890.0, 1000.0, 0.3141077947994853
30.0, 5.0, 881.0, 1000.0, 0.3158299107507417
22.0, 5.0, 810.0, 1000.0, 0.3328985615323347
21.0, 7.0, 920.0, 1000.0, 0.31428142015474353
22.0, 7.0, 891.0, 1000.0, 0.3147699106613173
32.0, 3.0, 914.0, 1000.0, 0.31953590219638406
19.0, 4.0, 850.0, 1000.0, 0.32670886623313367
25.0, 4.0, 888.0, 1000.0, 0.31490068374657415
19.0, 3.0, 915.0, 1000.0, 0.32179757330253095
25.0, 4.0, 923.0, 1000.0, 0.31291954639406144
12.0, 7.0, 836.0, 1000.0, 0.32455769299320447
26.0, 4.0, 889.0, 1000.0, 0.3147699106613173
16.0, 7.0, 813.0, 1000.0, 0.3217266423539294
31.0, 3.0, 951.0, 1000.0, 0.3203219898802513
17.0, 8.0, 901.0, 1000.0, 0.3172561421796807
22.0, 3.0, 828.0, 1000.0, 0.32608334973142133
20.0, 3.0, 830.0, 1000.0, 0.32455769299320447
24.0, 4.0, 853.0, 1000.0, 0.3202741639587604
18.0, 5.0, 825.0, 1000.0, 0.32172664235392934
22.0, 6.0, 824.0, 1000.0, 0.32452377481019856
25.0, 2.0, 901.0, 1000.0, 0.3253509410444712
24.0, 6.0, 904.0, 1000.0, 0.316076619815833
12.0, 9.0, 828.0, 1000.0, 0.3306912983315136
16.0, 6.0, 822.0, 1000.0, 0.32455769299320447
16.0, 4.0, 851.0, 1000.0, 0.32939324659663194
20.0, 3.0, 847.0, 1000.0, 0.32101133142288507
13.0, 6.0, 847.0, 1000.0, 0.33508209375090225
31.0, 5.0, 878.0, 1000.0, 0.3154332306712925
25.0, 1.0, 890.0, 1000.0, 0.3273997247908179
16.0, 8.0, 819.0, 1000.0, 0.31800293054254103
17.0, 9.0, 905.0, 1000.0, 0.3106901690854667
15.0, 6.0, 863.0, 1000.0, 0.3203219898802513
22.0, 5.0, 812.0, 1000.0, 0.3320532874064025
18.0, 3.0, 832.0, 1000.0, 0.33058709615108783
21.0, 8.0, 894.0, 1000.0, 0.30856000106142123
13.0, 9.0, 846.0, 1000.0, 0.32232861197569557
20.0, 8.0, 896.0, 1000.0, 0.3117116749184844
24.0, 5.0, 857.0, 1000.0, 0.3172561421796807
21.0, 5.0, 886.0, 1000.0, 0.31952874182898455
26.0, 2.0, 911.0, 1000.0, 0.32135392836424115
15.0, 8.0, 794.0, 1000.0, 0.32592495172259794
21.0, 5.0, 895.0, 1000.0, 0.3172561421796807
22.0, 6.0, 886.0, 1000.0, 0.3187892693615794

21.0, 8.0, 892.0, 1000.0, 0.31542613530276165
20.0, 3.0, 832.0, 1000.0, 0.32316342220983163
25.0, 5.0, 892.0, 1000.0, 0.31436280008045814
21.0, 5.0, 884.0, 1000.0, 0.3167290023159103
26.0, 1.0, 903.0, 1000.0, 0.3267255535828645
13.0, 7.0, 864.0, 1000.0, 0.33508209375090225
17.0, 9.0, 901.0, 1000.0, 0.31542613530276165
21.0, 7.0, 881.0, 1000.0, 0.3167290023159103
26.0, 9.0, 904.0, 1000.0, 0.31317517661392147
26.0, 4.0, 892.0, 1000.0, 0.3154332306712925
30.0, 5.0, 902.0, 1000.0, 0.31310594570185724
25.0, 5.0, 894.0, 1000.0, 0.3131821134597765
21.0, 6.0, 895.0, 1000.0, 0.31542613530276165
16.0, 6.0, 827.0, 1000.0, 0.32455769299320447
12.0, 7.0, 869.0, 1000.0, 0.32135392836424115
16.0, 7.0, 813.0, 1000.0, 0.3217266423539294
15.0, 4.0, 839.0, 1000.0, 0.31909979507236236
17.0, 9.0, 891.0, 1000.0, 0.31800293054254103
21.0, 9.0, 872.0, 1000.0, 0.316076619815833
32.0, 1.0, 918.0, 1000.0, 0.32535094104447115
19.0, 4.0, 834.0, 1000.0, 0.3170016079570243
26.0, 8.0, 908.0, 1000.0, 0.31310594570185724
17.0, 8.0, 901.0, 1000.0, 0.3172561421796807
15.0, 8.0, 794.0, 1000.0, 0.32592495172259794
12.0, 6.0, 869.0, 1000.0, 0.32939324659663194
21.0, 6.0, 901.0, 1000.0, 0.31436280008045814
25.0, 1.0, 890.0, 1000.0, 0.3273997247908179
18.0, 3.0, 896.0, 1000.0, 0.32179757330253095
18.0, 8.0, 912.0, 1000.0, 0.3167290023159103
20.0, 3.0, 843.0, 1000.0, 0.32101133142288507
15.0, 7.0, 836.0, 1000.0, 0.3338741501879774
27.0, 5.0, 877.0, 1000.0, 0.31410057367695615
30.0, 6.0, 898.0, 1000.0, 0.31317517661392147
19.0, 4.0, 817.0, 1000.0, 0.3180272653222272
19.0, 4.0, 801.0, 1000.0, 0.3197324178766068
20.0, 2.0, 840.0, 1000.0, 0.3273997247908179
25.0, 2.0, 897.0, 1000.0, 0.32179757330253095
25.0, 1.0, 886.0, 1000.0, 0.32939324659663194
31.0, 4.0, 902.0, 1000.0, 0.31490068374657415
24.0, 6.0, 868.0, 1000.0, 0.31436280008045814
21.0, 8.0, 894.0, 1000.0, 0.31410057367695615
12.0, 8.0, 828.0, 1000.0, 0.32592495172259794
25.0, 3.0, 899.0, 1000.0, 0.31948840472601175
25.0, 3.0, 918.0, 1000.0, 0.3179811290134901
25.0, 4.0, 894.0, 1000.0, 0.3154099116318955

12.0, 8.0, 837.0, 1000.0, 0.32592495172259794
22.0, 6.0, 895.0, 1000.0, 0.3224487923443671
31.0, 4.0, 907.0, 1000.0, 0.3157003900795965
26.0, 0.0, 911.0, 1000.0, 0.32939324659663194
25.0, 5.0, 865.0, 1000.0, 0.3198905209919739
20.0, 3.0, 830.0, 1000.0, 0.32455769299320447
12.0, 8.0, 827.0, 1000.0, 0.3316684123768757
25.0, 5.0, 895.0, 1000.0, 0.3148651258241897
14.0, 7.0, 800.0, 1000.0, 0.30843582988686985
15.0, 8.0, 797.0, 1000.0, 0.3316684123768757
12.0, 9.0, 835.0, 1000.0, 0.3252468682277554
15.0, 8.0, 799.0, 1000.0, 0.3262803084991287
18.0, 5.0, 825.0, 1000.0, 0.3316684123768757
20.0, 1.0, 868.0, 1000.0, 0.32939324659663194
11.0, 8.0, 830.0, 1000.0, 0.3306886202078364
26.0, 3.0, 887.0, 1000.0, 0.32101133142288507
26.0, 0.0, 941.0, 1000.0, 0.32739972479081786
25.0, 4.0, 875.0, 1000.0, 0.3167290023159103
24.0, 5.0, 888.0, 1000.0, 0.31845111826716666
25.0, 5.0, 874.0, 1000.0, 0.3191260622295735
12.0, 8.0, 833.0, 1000.0, 0.33037303876567126
20.0, 2.0, 854.0, 1000.0, 0.32939324659663194
21.0, 6.0, 899.0, 1000.0, 0.3172580494169663
23.0, 5.0, 839.0, 1000.0, 0.32232861197569557
26.0, 1.0, 913.0, 1000.0, 0.3288201640291318
26.0, 1.0, 930.0, 1000.0, 0.3266319696642068
13.0, 6.0, 856.0, 1000.0, 0.33508209375090225
15.0, 5.0, 826.0, 1000.0, 0.32939324659663194
16.0, 4.0, 849.0, 1000.0, 0.3241896032655948
16.0, 5.0, 846.0, 1000.0, 0.32872959908996224
32.0, 3.0, 907.0, 1000.0, 0.3187892693615794
20.0, 6.0, 898.0, 1000.0, 0.3203219898802513
11.0, 9.0, 808.0, 1000.0, 0.3262803084991287
12.0, 8.0, 839.0, 1000.0, 0.32455769299320447
22.0, 5.0, 897.0, 1000.0, 0.3198905209919739
21.0, 5.0, 791.0, 1000.0, 0.3316684123768757
26.0, 3.0, 901.0, 1000.0, 0.3201472977134341
26.0, 1.0, 928.0, 1000.0, 0.32739972479081786
32.0, 1.0, 915.0, 1000.0, 0.3273997247908179
22.0, 5.0, 899.0, 1000.0, 0.3167290023159103
12.0, 6.0, 865.0, 1000.0, 0.32739972479081786
11.0, 7.0, 846.0, 1000.0, 0.32464999372084336
33.0, 6.0, 878.0, 1000.0, 0.3147699106613173
25.0, 3.0, 916.0, 1000.0, 0.3224491184468963
22.0, 5.0, 816.0, 1000.0, 0.32351773337317347
31.0, 5.0, 898.0, 1000.0, 0.31207073973626553
23.0, 4.0, 868.0, 1000.0, 0.31992722703493487
18.0, 5.0, 827.0, 1000.0, 0.32592495172259794
25.0, 2.0, 924.0, 1000.0, 0.32464999372084336
11.0, 9.0, 806.0, 1000.0, 0.3316684123768757
14.0, 6.0, 817.0, 1000.0, 0.3242863302426112
19.0, 3.0, 837.0, 1000.0, 0.32251989040519613
25.0, 2.0, 928.0, 1000.0, 0.3242863302426112
32.0, 1.0, 918.0, 1000.0, 0.32535094104447115
20.0, 2.0, 858.0, 1000.0, 0.3269249777380292
22.0, 4.0, 830.0, 1000.0, 0.3238567456695767
20.0, 2.0, 859.0, 1000.0, 0.3249824834607783
32.0, 4.0, 901.0, 1000.0, 0.31343962984570867
32.0, 3.0, 911.0, 1000.0, 0.3170259768187432
20.0, 2.0, 855.0, 1000.0, 0.3288201640291318
16.0, 4.0, 846.0, 1000.0, 0.32939324659663194
16.0, 3.0, 867.0, 1000.0, 0.3288201640291318
22.0, 4.0, 820.0, 1000.0, 0.32455769299320447
19.0, 4.0, 807.0, 1000.0, 0.3256297858898827

21.0, 6.0, 863.0, 1000.0, 0.3104967492813976
17.0, 9.0, 901.0, 1000.0, 0.31542613530276165
21.0, 6.0, 872.0, 1000.0, 0.30842854322837626
12.0, 7.0, 836.0, 1000.0, 0.32455769299320447
26.0, 2.0, 903.0, 1000.0, 0.32135392836424115
31.0, 2.0, 938.0, 1000.0, 0.3203219898802513
26.0, 6.0, 832.0, 1000.0, 0.3238567456695767
15.0, 8.0, 796.0, 1000.0, 0.3209859318223715
24.0, 5.0, 890.0, 1000.0, 0.3171553466225488
20.0, 3.0, 821.0, 1000.0, 0.32455769299320447
20.0, 1.0, 842.0, 1000.0, 0.32939324659663194
22.0, 4.0, 813.0, 1000.0, 0.32592495172259794
15.0, 7.0, 815.0, 1000.0, 0.31952874182898455
22.0, 4.0, 898.0, 1000.0, 0.3224487923443671
25.0, 1.0, 905.0, 1000.0, 0.32535094104447115
32.0, 2.0, 892.0, 1000.0, 0.32316342220983163
24.0, 4.0, 863.0, 1000.0, 0.31952874182898455
19.0, 3.0, 837.0, 1000.0, 0.32251989040519613
20.0, 6.0, 874.0, 1000.0, 0.3077281439163597
11.0, 8.0, 807.0, 1000.0, 0.3157485913439442
14.0, 6.0, 898.0, 1000.0, 0.32179757330253095
15.0, 8.0, 794.0, 1000.0, 0.32592495172259794
12.0, 7.0, 838.0, 1000.0, 0.32316342220983163
16.0, 6.0, 853.0, 1000.0, 0.320996734423436
11.0, 5.0, 857.0, 1000.0, 0.3305424928226161
15.0, 4.0, 840.0, 1000.0, 0.32251989040519613
25.0, 3.0, 877.0, 1000.0, 0.3202741639587604
25.0, 4.0, 879.0, 1000.0, 0.31490068374657415
20.0, 1.0, 845.0, 1000.0, 0.32739972479081786
20.0, 5.0, 876.0, 1000.0, 0.31952874182898455
23.0, 5.0, 841.0, 1000.0, 0.31800293054254103
22.0, 5.0, 898.0, 1000.0, 0.3147699106613173
16.0, 4.0, 830.0, 1000.0, 0.32455769299320447
21.0, 5.0, 892.0, 1000.0, 0.3172561421796807
25.0, 5.0, 879.0, 1000.0, 0.30856000106142123
26.0, 2.0, 891.0, 1000.0, 0.3266134930883122
25.0, 4.0, 874.0, 1000.0, 0.3172561421796807
20.0, 2.0, 867.0, 1000.0, 0.3269249777380292
18.0, 5.0, 824.0, 1000.0, 0.32455769299320447
16.0, 3.0, 857.0, 1000.0, 0.32739972479081786
15.0, 6.0, 834.0, 1000.0, 0.32464999372084336
26.0, 3.0, 912.0, 1000.0, 0.31926381587111513
16.0, 7.0, 813.0, 1000.0, 0.3217266423539294
23.0, 4.0, 881.0, 1000.0, 0.3207318800299911
32.0, 2.0, 906.0, 1000.0, 0.32101133142288507

21.0, 5.0, 892.0, 1000.0, 0.3154332306712925
16.0, 7.0, 819.0, 1000.0, 0.32592495172259794
25.0, 1.0, 890.0, 1000.0, 0.32939324659663194
25.0, 3.0, 877.0, 1000.0, 0.3202741639587604
15.0, 6.0, 837.0, 1000.0, 0.3242863302426112
22.0, 5.0, 822.0, 1000.0, 0.31800293054254103
20.0, 3.0, 830.0, 1000.0, 0.3224487923443671
19.0, 3.0, 826.0, 1000.0, 0.3242863302426112
16.0, 4.0, 833.0, 1000.0, 0.3187892693615794
20.0, 2.0, 845.0, 1000.0, 0.32939324659663194
24.0, 4.0, 863.0, 1000.0, 0.31845809423079435
19.0, 3.0, 910.0, 1000.0, 0.31693272227238495
15.0, 6.0, 829.0, 1000.0, 0.32939324659663194
23.0, 1.0, 846.0, 1000.0, 0.3306886202078364
15.0, 9.0, 803.0, 1000.0, 0.31800293054254103
13.0, 8.0, 846.0, 1000.0, 0.3305424928226161
20.0, 3.0, 829.0, 1000.0, 0.32316342220983163
24.0, 2.0, 876.0, 1000.0, 0.3242863302426112
15.0, 6.0, 930.0, 1000.0, 0.32179757330253095
24.0, 4.0, 874.0, 1000.0, 0.3180272653222272
20.0, 1.0, 899.0, 1000.0, 0.3267255535828645
25.0, 4.0, 877.0, 1000.0, 0.3172561421796807
12.0, 7.0, 857.0, 1000.0, 0.32101133142288507
12.0, 9.0, 837.0, 1000.0, 0.3240579561601732
15.0, 7.0, 810.0, 1000.0, 0.3267181997738647
26.0, 9.0, 873.0, 1000.0, 0.3099824831149566
11.0, 6.0, 869.0, 1000.0, 0.3225271123552915
11.0, 6.0, 851.0, 1000.0, 0.324373558934295
21.0, 6.0, 797.0, 1000.0, 0.31800293054254103
17.0, 5.0, 824.0, 1000.0, 0.3306886202078364
26.0, 4.0, 879.0, 1000.0, 0.3167290023159103
11.0, 9.0, 844.0, 1000.0, 0.3209859318223715
15.0, 7.0, 826.0, 1000.0, 0.3164989186193426
15.0, 5.0, 832.0, 1000.0, 0.3318602491140126
21.0, 5.0, 795.0, 1000.0, 0.3279437739039209
14.0, 2.0, 856.0, 1000.0, 0.324657280379337
19.0, 3.0, 909.0, 1000.0, 0.31885910858314637
26.0, 2.0, 909.0, 1000.0, 0.31885910858314637
25.0, 4.0, 883.0, 1000.0, 0.3154332306712925
25.0, 3.0, 889.0, 1000.0, 0.3187892693615794
31.0, 5.0, 894.0, 1000.0, 0.30783046200866065
20.0, 6.0, 866.0, 1000.0, 0.3154332306712925
14.0, 8.0, 839.0, 1000.0, 0.32548365073387375
10.0, 4.0, 851.0, 1000.0, 0.3267255535828645
20.0, 6.0, 883.0, 1000.0, 0.3106901690854667
18.0, 3.0, 890.0, 1000.0, 0.31993440207696294
19.0, 2.0, 912.0, 1000.0, 0.31953590219638406
10.0, 6.0, 838.0, 1000.0, 0.3326067093620861
23.0, 5.0, 851.0, 1000.0, 0.31380000336054925
15.0, 8.0, 819.0, 1000.0, 0.31207073973626553
25.0, 5.0, 886.0, 1000.0, 0.3099824831149566
26.0, 1.0, 905.0, 1000.0, 0.3225271123552915
21.0, 5.0, 901.0, 1000.0, 0.31343962984570867
12.0, 9.0, 826.0, 1000.0, 0.3252468682277554
19.0, 4.0, 840.0, 1000.0, 0.3187142713990595
11.0, 9.0, 846.0, 1000.0, 0.3197324178766068

16.0, 7.0, 836.0, 1000.0, 0.3167290023159103
26.0, 3.0, 889.0, 1000.0, 0.3224487923443671
24.0, 3.0, 891.0, 1000.0, 0.32251989040519613
12.0, 8.0, 843.0, 1000.0, 0.32827650451341006
16.0, 3.0, 863.0, 1000.0, 0.32939324659663194
20.0, 9.0, 894.0, 1000.0, 0.31317517661392147
26.0, 3.0, 907.0, 1000.0, 0.32101133142288507
21.0, 8.0, 894.0, 1000.0, 0.31207073973626553
15.0, 6.0, 829.0, 1000.0, 0.32939324659663194
20.0, 4.0, 830.0, 1000.0, 0.3167290023159103
12.0, 6.0, 863.0, 1000.0, 0.3273997247908179
24.0, 3.0, 879.0, 1000.0, 0.3242863302426112
20.0, 3.0, 840.0, 1000.0, 0.32455769299320447
19.0, 3.0, 842.0, 1000.0, 0.32464999372084336
32.0, 3.0, 915.0, 1000.0, 0.3187892693615794
21.0, 5.0, 797.0, 1000.0, 0.32592495172259794
15.0, 8.0, 794.0, 1000.0, 0.32592495172259794
16.0, 5.0, 851.0, 1000.0, 0.3273997247908179
19.0, 4.0, 804.0, 1000.0, 0.31952874182898455
32.0, 2.0, 924.0, 1000.0, 0.31757780897370624
25.0, 1.0, 893.0, 1000.0, 0.32739972479081786
20.0, 2.0, 860.0, 1000.0, 0.32739972479081786
12.0, 8.0, 861.0, 1000.0, 0.32592495172259794
25.0, 3.0, 894.0, 1000.0, 0.32135392836424115
23.0, 5.0, 844.0, 1000.0, 0.31515472944820394
16.0, 6.0, 827.0, 1000.0, 0.32455769299320447
32.0, 1.0, 915.0, 1000.0, 0.32535094104447115
25.0, 3.0, 872.0, 1000.0, 0.32316342220983163
21.0, 8.0, 883.0, 1000.0, 0.31410057367695615
20.0, 2.0, 840.0, 1000.0, 0.32939324659663194
24.0, 4.0, 870.0, 1000.0, 0.3132843557312403
24.0, 5.0, 867.0, 1000.0, 0.31207073973626553
16.0, 6.0, 829.0, 1000.0, 0.32316342220983163
25.0, 3.0, 910.0, 1000.0, 0.3203219898802513
22.0, 7.0, 897.0, 1000.0, 0.3127584422889942
16.0, 8.0, 819.0, 1000.0, 0.31800293054254103
26.0, 2.0, 918.0, 1000.0, 0.3247947578684919
13.0, 7.0, 844.0, 1000.0, 0.3332309271649855
22.0, 7.0, 899.0, 1000.0, 0.3113907680273419
24.0, 4.0, 868.0, 1000.0, 0.31490068374657415
25.0, 5.0, 886.0, 1000.0, 0.3099824831149566
20.0, 5.0, 877.0, 1000.0, 0.31490068374657415
12.0, 9.0, 839.0, 1000.0, 0.33994397198244286
19.0, 6.0, 853.0, 1000.0, 0.31515472944820394
11.0, 6.0, 865.0, 1000.0, 0.3306961136097806
15.0, 7.0, 812.0, 1000.0, 0.32455769299320447

20.0, 3.0, 818.0, 1000.0, 0.32316342220983163
25.0, 2.0, 894.0, 1000.0, 0.3252446029788691
20.0, 4.0, 823.0, 1000.0, 0.3154332306712925
24.0, 3.0, 859.0, 1000.0, 0.3131788914726956
12.0, 7.0, 836.0, 1000.0, 0.32455769299320447
12.0, 7.0, 838.0, 1000.0, 0.32316342220983163
20.0, 3.0, 834.0, 1000.0, 0.32101133142288507
20.0, 6.0, 874.0, 1000.0, 0.31118529064711187
22.0, 4.0, 813.0, 1000.0, 0.32007427277709877
18.0, 5.0, 831.0, 1000.0, 0.32592495172259794
20.0, 4.0, 868.0, 1000.0, 0.3131788914726956
19.0, 4.0, 840.0, 1000.0, 0.3180272653222272
13.0, 6.0, 856.0, 1000.0, 0.3332309271649855
12.0, 8.0, 842.0, 1000.0, 0.3154332306712925
12.0, 9.0, 824.0, 1000.0, 0.3305424928226161
16.0, 4.0, 832.0, 1000.0, 0.32316342220983163
20.0, 7.0, 860.0, 1000.0, 0.30771366175942844
20.0, 2.0, 849.0, 1000.0, 0.3273997247908179
15.0, 6.0, 811.0, 1000.0, 0.3131788914726956
15.0, 7.0, 807.0, 1000.0, 0.32316342220983163
11.0, 8.0, 845.0, 1000.0, 0.31952874182898455
16.0, 8.0, 874.0, 1000.0, 0.30771366175942844
15.0, 5.0, 842.0, 1000.0, 0.3172342714341329
24.0, 4.0, 859.0, 1000.0, 0.30771366175942844
26.0, 1.0, 904.0, 1000.0, 0.32535094104447115
20.0, 4.0, 891.0, 1000.0, 0.31118529064711187
19.0, 7.0, 874.0, 1000.0, 0.30843582988686985
16.0, 5.0, 832.0, 1000.0, 0.3154332306712925
21.0, 5.0, 795.0, 1000.0, 0.3188679787255795
22.0, 4.0, 822.0, 1000.0, 0.3188679787255795
12.0, 8.0, 830.0, 1000.0, 0.3188679787255795
20.0, 3.0, 833.0, 1000.0, 0.3224487923443671

16.0, 4.0, 857.0, 1000.0, 0.32806768497082645
26.0, 3.0, 898.0, 1000.0, 0.3202741639587604
13.0, 7.0, 864.0, 1000.0, 0.3332309271649855
27.0, 8.0, 911.0, 1000.0, 0.3099824831149566
15.0, 6.0, 809.0, 1000.0, 0.3144746631173135
26.0, 0.0, 918.0, 1000.0, 0.32939324659663194
26.0, 4.0, 876.0, 1000.0, 0.3157485913439442
25.0, 4.0, 892.0, 1000.0, 0.3157003900795965
31.0, 5.0, 905.0, 1000.0, 0.3099824831149566
20.0, 4.0, 821.0, 1000.0, 0.3167290023159103
17.0, 2.0, 840.0, 1000.0, 0.3326067093620861
32.0, 3.0, 913.0, 1000.0, 0.31686108123624057
20.0, 1.0, 899.0, 1000.0, 0.3267255535828645
23.0, 9.0, 920.0, 1000.0, 0.3099824831149566
19.0, 4.0, 813.0, 1000.0, 0.31952874182898455
20.0, 1.0, 845.0, 1000.0, 0.32939324659663194
16.0, 3.0, 846.0, 1000.0, 0.3280676849708265
21.0, 3.0, 862.0, 1000.0, 0.32031488184904094
26.0, 3.0, 900.0, 1000.0, 0.3187892693615794
15.0, 7.0, 807.0, 1000.0, 0.3197324178766068
12.0, 8.0, 828.0, 1000.0, 0.32592495172259794
25.0, 2.0, 910.0, 1000.0, 0.3225271123552915
12.0, 8.0, 839.0, 1000.0, 0.32455769299320447
19.0, 3.0, 914.0, 1000.0, 0.31727632028537495
14.0, 2.0, 859.0, 1000.0, 0.3267255535828645
22.0, 1.0, 839.0, 1000.0, 0.32270745397494915
25.0, 5.0, 913.0, 1000.0, 0.3099824831149566
18.0, 4.0, 849.0, 1000.0, 0.3244547329412548
15.0, 5.0, 850.0, 1000.0, 0.3121694789664738
20.0, 2.0, 854.0, 1000.0, 0.3273997247908179
18.0, 5.0, 824.0, 1000.0, 0.3204893174105614
26.0, 3.0, 913.0, 1000.0, 0.31757780897370624
27.0, 4.0, 867.0, 1000.0, 0.316385258869619
19.0, 3.0, 909.0, 1000.0, 0.32179757330253095
26.0, 4.0, 884.0, 1000.0, 0.3147699106613173
26.0, 2.0, 903.0, 1000.0, 0.31885910858314637
25.0, 1.0, 965.0, 1000.0, 0.3225271123552915
31.0, 4.0, 904.0, 1000.0, 0.3132843557312403
20.0, 3.0, 834.0, 1000.0, 0.3241896032655948
20.0, 3.0, 821.0, 1000.0, 0.32455769299320447

17.0, 5.0, 852.0, 1000.0, 0.33508209375090225
23.0, 5.0, 840.0, 1000.0, 0.32232861197569557
12.0, 7.0, 886.0, 1000.0, 0.3326067093620861
25.0, 3.0, 875.0, 1000.0, 0.32455769299320447
13.0, 8.0, 869.0, 1000.0, 0.32232861197569557
20.0, 1.0, 845.0, 1000.0, 0.3273997247908179
22.0, 5.0, 809.0, 1000.0, 0.3305424928226161
21.0, 7.0, 899.0, 1000.0, 0.31490068374657415
25.0, 4.0, 921.0, 1000.0, 0.31490068374657415
21.0, 7.0, 876.0, 1000.0, 0.3167290023159103
19.0, 4.0, 830.0, 1000.0, 0.33101392616332115
13.0, 7.0, 863.0, 1000.0, 0.3332309271649854
16.0, 6.0, 822.0, 1000.0, 0.32455769299320447
23.0, 10.0, 893.0, 1000.0, 0.3147699106613173
27.0, 7.0, 914.0, 1000.0, 0.30856000106142123
17.0, 8.0, 905.0, 1000.0, 0.3132843557312403
12.0, 9.0, 826.0, 1000.0, 0.3352882629743609
25.0, 4.0, 893.0, 1000.0, 0.3157003900795965
22.0, 4.0, 902.0, 1000.0, 0.32101133142288507
13.0, 6.0, 847.0, 1000.0, 0.33508209375090225
16.0, 6.0, 827.0, 1000.0, 0.3243993179107405
26.0, 9.0, 880.0, 1000.0, 0.30856000106142123
27.0, 6.0, 866.0, 1000.0, 0.316076619815833
25.0, 5.0, 886.0, 1000.0, 0.31542613530276165
25.0, 3.0, 883.0, 1000.0, 0.3202741639587604
25.0, 4.0, 875.0, 1000.0, 0.3167290023159103
26.0, 3.0, 899.0, 1000.0, 0.3187892693615794
23.0, 5.0, 842.0, 1000.0, 0.32112231792417634
25.0, 2.0, 890.0, 1000.0, 0.32135392836424115
21.0, 5.0, 935.0, 1000.0, 0.3172561421796807
24.0, 4.0, 872.0, 1000.0, 0.31952874182898455
21.0, 5.0, 897.0, 1000.0, 0.3217338643040248
12.0, 9.0, 846.0, 1000.0, 0.32232861197569557
20.0, 1.0, 846.0, 1000.0, 0.32535094104447115
15.0, 7.0, 815.0, 1000.0, 0.31952874182898455
16.0, 6.0, 831.0, 1000.0, 0.3224487923443671
26.0, 3.0, 882.0, 1000.0, 0.3224487923443671
24.0, 6.0, 906.0, 1000.0, 0.31800293054254103
18.0, 5.0, 845.0, 1000.0, 0.33508209375090225
15.0, 7.0, 805.0, 1000.0, 0.32455769299320447
16.0, 6.0, 829.0, 1000.0, 0.32300504712736766
25.0, 3.0, 877.0, 1000.0, 0.32316342220983163
17.0, 7.0, 940.0, 1000.0, 0.31885910858314637
20.0, 7.0, 887.0, 1000.0, 0.3180272653222272
31.0, 5.0, 902.0, 1000.0, 0.30856000106142123
21.0, 5.0, 902.0, 1000.0, 0.31952874182898455
19.0, 6.0, 849.0, 1000.0, 0.32232861197569557
20.0, 2.0, 840.0, 1000.0, 0.324657280379337
21.0, 8.0, 894.0, 1000.0, 0.30856000106142123
21.0, 6.0, 881.0, 1000.0, 0.3187892693615794
24.0, 4.0, 855.0, 1000.0, 0.3197324178766068
19.0, 3.0, 835.0, 1000.0, 0.32464999372084336
14.0, 4.0, 868.0, 1000.0, 0.32179757330253095
22.0, 7.0, 901.0, 1000.0, 0.3147699106613173
17.0, 9.0, 903.0, 1000.0, 0.3141077947994853
23.0, 4.0, 947.0, 1000.0, 0.3201126225289111
14.0, 8.0, 792.0, 1000.0, 0.31515472944820394
31.0, 5.0, 894.0, 1000.0, 0.3141077947994853
11.0, 7.0, 887.0, 1000.0, 0.3280676849708265
21.0, 7.0, 878.0, 1000.0, 0.3154332306712925
19.0, 5.0, 863.0, 1000.0, 0.32232861197569557
26.0, 4.0, 897.0, 1000.0, 0.31343962984570867
21.0, 5.0, 824.0, 1000.0, 0.3295666407212567
20.0, 3.0, 949.0, 1000.0, 0.32179757330253095
13.0, 8.0, 871.0, 1000.0, 0.32112231792417634

16.0, 6.0, 840.0, 1000.0, 0.31953590219638406
16.0, 6.0, 860.0, 1000.0, 0.31736862958001255
22.0, 7.0, 897.0, 1000.0, 0.3127584422889942
14.0, 7.0, 818.0, 1000.0, 0.32464999372084336
24.0, 4.0, 867.0, 1000.0, 0.31952874182898455
25.0, 4.0, 870.0, 1000.0, 0.3167290023159103
12.0, 7.0, 849.0, 1000.0, 0.31953590219638406
16.0, 6.0, 833.0, 1000.0, 0.32316342220983163
18.0, 8.0, 906.0, 1000.0, 0.31343962984570867
23.0, 2.0, 830.0, 1000.0, 0.33508209375090225
25.0, 4.0, 885.0, 1000.0, 0.3157003900795965
16.0, 7.0, 836.0, 1000.0, 0.3167290023159103
17.0, 9.0, 916.0, 1000.0, 0.3106901690854667
15.0, 5.0, 829.0, 1000.0, 0.32939324659663194
21.0, 8.0, 888.0, 1000.0, 0.31542613530276165
20.0, 5.0, 864.0, 1000.0, 0.3197324178766068
32.0, 1.0, 910.0, 1000.0, 0.3273997247908179
21.0, 8.0, 892.0, 1000.0, 0.3099824831149566
25.0, 2.0, 946.0, 1000.0, 0.3180199401084586
22.0, 5.0, 908.0, 1000.0, 0.3147699106613173
24.0, 5.0, 855.0, 1000.0, 0.31436280008045814
17.0, 9.0, 914.0, 1000.0, 0.31207073973626553
16.0, 6.0, 842.0, 1000.0, 0.3187892693615794
20.0, 3.0, 821.0, 1000.0, 0.3202741639587604
25.0, 5.0, 886.0, 1000.0, 0.3099824831149566
10.0, 8.0, 821.0, 1000.0, 0.32464999372084336
25.0, 4.0, 888.0, 1000.0, 0.31490068374657415
20.0, 6.0, 935.0, 1000.0, 0.3171553466225488
24.0, 5.0, 867.0, 1000.0, 0.31207073973626553
16.0, 3.0, 848.0, 1000.0, 0.32939324659663194
25.0, 3.0, 894.0, 1000.0, 0.3194884047260117
31.0, 2.0, 910.0, 1000.0, 0.3242863302426112
32.0, 2.0, 930.0, 1000.0, 0.3228946478109083
20.0, 1.0, 842.0, 1000.0, 0.32939324659663194
19.0, 3.0, 825.0, 1000.0, 0.3242863302426112
16.0, 5.0, 850.0, 1000.0, 0.324657280379337
12.0, 8.0, 836.0, 1000.0, 0.3167290023159103
17.0, 9.0, 907.0, 1000.0, 0.31436280008045814
32.0, 1.0, 911.0, 1000.0, 0.324657280379337
15.0, 6.0, 840.0, 1000.0, 0.3242863302426112
25.0, 2.0, 941.0, 1000.0, 0.32244135826411247
26.0, 4.0, 880.0, 1000.0, 0.3147699106613173
21.0, 5.0, 884.0, 1000.0, 0.3167290023159103
12.0, 8.0, 847.0, 1000.0, 0.3154332306712925
21.0, 7.0, 890.0, 1000.0, 0.31649891861934254
25.0, 2.0, 896.0, 1000.0, 0.324657280379337
22.0, 5.0, 816.0, 1000.0, 0.3281617890602341
24.0, 4.0, 850.0, 1000.0, 0.3197324178766068
24.0, 4.0, 869.0, 1000.0, 0.3180272653222272
15.0, 7.0, 816.0, 1000.0, 0.3197324178766068
20.0, 2.0, 849.0, 1000.0, 0.3253509410444712
26.0, 3.0, 916.0, 1000.0, 0.31736862958001255

32.0, 2.0, 901.0, 1000.0, 0.3266134930883122
12.0, 6.0, 871.0, 1000.0, 0.32939324659663194
21.0, 4.0, 892.0, 1000.0, 0.32316342220983163
16.0, 4.0, 842.0, 1000.0, 0.32939324659663194
12.0, 7.0, 827.0, 1000.0, 0.3295666407212567
15.0, 7.0, 836.0, 1000.0, 0.31952874182898455
24.0, 3.0, 866.0, 1000.0, 0.31251557146272047
26.0, 2.0, 903.0, 1000.0, 0.32135392836424115
20.0, 3.0, 821.0, 1000.0, 0.32455769299320447
12.0, 9.0, 824.0, 1000.0, 0.3305424928226161
24.0, 10.0, 843.0, 1000.0, 0.31845111826716666
18.0, 5.0, 838.0, 1000.0, 0.3295666407212567
32.0, 1.0, 918.0, 1000.0, 0.32535094104447115
20.0, 5.0, 890.0, 1000.0, 0.3180272653222272
22.0, 4.0, 815.0, 1000.0, 0.3295666407212567
17.0, 8.0, 890.0, 1000.0, 0.3167290023159103
27.0, 8.0, 906.0, 1000.0, 0.3099824831149566
20.0, 8.0, 857.0, 1000.0, 0.3154332306712925
21.0, 5.0, 815.0, 1000.0, 0.3295666407212567
31.0, 5.0, 894.0, 1000.0, 0.31207073973626553
15.0, 8.0, 793.0, 1000.0, 0.32172664235392934
16.0, 9.0, 864.0, 1000.0, 0.3167290023159103
16.0, 5.0, 851.0, 1000.0, 0.3273997247908179
23.0, 5.0, 831.0, 1000.0, 0.32232861197569557
21.0, 4.0, 908.0, 1000.0, 0.32101133142288507
20.0, 6.0, 863.0, 1000.0, 0.31050410309039733
22.0, 5.0, 884.0, 1000.0, 0.3220432480288643
16.0, 5.0, 834.0, 1000.0, 0.33058709615108783
12.0, 7.0, 836.0, 1000.0, 0.32455769299320447
15.0, 7.0, 814.0, 1000.0, 0.3278426974119213
17.0, 9.0, 918.0, 1000.0, 0.31542613530276165
23.0, 2.0, 842.0, 1000.0, 0.33508209375090225
17.0, 7.0, 908.0, 1000.0, 0.3194884047260117
31.0, 4.0, 862.0, 1000.0, 0.32316342220983163
20.0, 2.0, 849.0, 1000.0, 0.3272744369195597
11.0, 9.0, 833.0, 1000.0, 0.3278426974119213
27.0, 8.0, 908.0, 1000.0, 0.30856000106142123
20.0, 1.0, 847.0, 1000.0, 0.32739972479081786
16.0, 2.0, 845.0, 1000.0, 0.32939324659663194
32.0, 2.0, 906.0, 1000.0, 0.32101133142288507
16.0, 6.0, 818.0, 1000.0, 0.3202741639587604
25.0, 5.0, 864.0, 1000.0, 0.3198905209919739
20.0, 8.0, 850.0, 1000.0, 0.3167290023159103

12.0, 7.0, 845.0, 1000.0, 0.32455769299320447
26.0, 2.0, 907.0, 1000.0, 0.3272744369195597
25.0, 3.0, 899.0, 1000.0, 0.3194884047260117
16.0, 5.0, 860.0, 1000.0, 0.32739972479081786
14.0, 7.0, 820.0, 1000.0, 0.31992722703493487
15.0, 8.0, 795.0, 1000.0, 0.3217266423539294
15.0, 7.0, 807.0, 1000.0, 0.3306886202078364
25.0, 8.0, 876.0, 1000.0, 0.31317517661392147
13.0, 9.0, 870.0, 1000.0, 0.32232861197569557
30.0, 6.0, 874.0, 1000.0, 0.31436280008045814
20.0, 3.0, 830.0, 1000.0, 0.32455769299320447
31.0, 2.0, 926.0, 1000.0, 0.3255134753811518
17.0, 9.0, 903.0, 1000.0, 0.31207073973626553
15.0, 9.0, 817.0, 1000.0, 0.32111498245703196
12.0, 10.0, 830.0, 1000.0, 0.325284099956999
14.0, 6.0, 822.0, 1000.0, 0.3213443578811847
21.0, 6.0, 895.0, 1000.0, 0.31542613530276165
21.0, 8.0, 892.0, 1000.0, 0.3099824831149566
16.0, 6.0, 840.0, 1000.0, 0.31953590219638406
21.0, 5.0, 795.0, 1000.0, 0.32592495172259794
24.0, 6.0, 859.0, 1000.0, 0.31542613530276165
15.0, 7.0, 816.0, 1000.0, 0.32316342220983163
22.0, 7.0, 906.0, 1000.0, 0.3120778874092929
16.0, 7.0, 845.0, 1000.0, 0.3147699106613173
20.0, 9.0, 863.0, 1000.0, 0.3099824831149566
25.0, 4.0, 888.0, 1000.0, 0.31490068374657415
18.0, 4.0, 804.0, 1000.0, 0.3203219898802513
13.0, 6.0, 856.0, 1000.0, 0.33508209375090225
20.0, 3.0, 832.0, 1000.0, 0.32316342220983163
20.0, 4.0, 830.0, 1000.0, 0.3167290023159103
12.0, 6.0, 863.0, 1000.0, 0.3273997247908179
16.0, 4.0, 851.0, 1000.0, 0.3273997247908179
16.0, 7.0, 847.0, 1000.0, 0.31343962984570867
25.0, 5.0, 886.0, 1000.0, 0.3099824831149566
15.0, 7.0, 814.0, 1000.0, 0.3267181997738647
20.0, 4.0, 832.0, 1000.0, 0.3154332306712925
26.0, 3.0, 893.0, 1000.0, 0.3187892693615794
26.0, 4.0, 901.0, 1000.0, 0.31343962984570867
25.0, 1.0, 887.0, 1000.0, 0.32739972479081786
16.0, 4.0, 913.0, 1000.0, 0.3267255535828645
20.0, 2.0, 840.0, 1000.0, 0.32939324659663194
19.0, 5.0, 808.0, 1000.0, 0.3167290023159103

28.0, 5.0, 918.0, 1000.0, 0.3147699106613173
31.0, 5.0, 898.0, 1000.0, 0.31207073973626553
32.0, 4.0, 905.0, 1000.0, 0.31343962984570867
31.0, 5.0, 900.0, 1000.0, 0.3099824831149566
29.0, 7.0, 900.0, 1000.0, 0.3120778874092929
20.0, 2.0, 840.0, 1000.0, 0.32939324659663194
21.0, 5.0, 884.0, 1000.0, 0.3167290023159103
26.0, 0.0, 889.0, 1000.0, 0.3267255535828645
20.0, 6.0, 897.0, 1000.0, 0.31845111826716666
21.0, 7.0, 881.0, 1000.0, 0.3167290023159103
21.0, 7.0, 894.0, 1000.0, 0.3157003900795965
19.0, 2.0, 904.0, 1000.0, 0.324657280379337
32.0, 3.0, 914.0, 1000.0, 0.3187892693615794
30.0, 5.0, 904.0, 1000.0, 0.31310594570185724
17.0, 8.0, 898.0, 1000.0, 0.3172561421796807
31.0, 3.0, 924.0, 1000.0, 0.3180199401084586
15.0, 4.0, 831.0, 1000.0, 0.32464999372084336
16.0, 3.0, 848.0, 1000.0, 0.32939324659663194
15.0, 7.0, 819.0, 1000.0, 0.31952874182898455
19.0, 8.0, 850.0, 1000.0, 0.31515472944820394
25.0, 3.0, 886.0, 1000.0, 0.32101133142288507
23.0, 1.0, 851.0, 1000.0, 0.33508209375090225
21.0, 8.0, 892.0, 1000.0, 0.3099824831149566
17.0, 7.0, 905.0, 1000.0, 0.3194884047260117
15.0, 4.0, 833.0, 1000.0, 0.32251989040519613
24.0, 3.0, 857.0, 1000.0, 0.3211208052768556
19.0, 3.0, 825.0, 1000.0, 0.32251989040519613
17.0, 9.0, 901.0, 1000.0, 0.31542613530276165
12.0, 6.0, 831.0, 1000.0, 0.32270745397494915
24.0, 4.0, 868.0, 1000.0, 0.31490068374657415
16.0, 8.0, 905.0, 1000.0, 0.316925426473629
23.0, 5.0, 844.0, 1000.0, 0.31515472944820394
20.0, 8.0, 869.0, 1000.0, 0.31207073973626553
15.0, 9.0, 883.0, 1000.0, 0.316925426473629
25.0, 3.0, 904.0, 1000.0, 0.3194884047260117
24.0, 2.0, 880.0, 1000.0, 0.3224491184468963
20.0, 7.0, 907.0, 1000.0, 0.316925426473629
23.0, 7.0, 897.0, 1000.0, 0.3141077947994853
27.0, 7.0, 919.0, 1000.0, 0.3132843557312403
26.0, 1.0, 889.0, 1000.0, 0.31885910858314637
20.0, 2.0, 847.0, 1000.0, 0.32739972479081786
12.0, 6.0, 825.0, 1000.0, 0.3244547329412548
22.0, 8.0, 907.0, 1000.0, 0.30927492910176346
25.0, 2.0, 890.0, 1000.0, 0.32135392836424115
19.0, 4.0, 804.0, 1000.0, 0.31952874182898455
24.0, 4.0, 857.0, 1000.0, 0.31845809423079435
23.0, 6.0, 926.0, 1000.0, 0.3149566014572812
29.0, 4.0, 893.0, 1000.0, 0.3141077947994853
24.0, 2.0, 876.0, 1000.0, 0.3242863302426112
20.0, 3.0, 845.0, 1000.0, 0.32135392836424115
31.0, 4.0, 906.0, 1000.0, 0.3132843557312403

18.0, 5.0, 831.0, 1000.0, 0.32592495172259794
17.0, 9.0, 901.0, 1000.0, 0.31542613530276165
19.0, 3.0, 850.0, 1000.0, 0.3332309271649855
21.0, 5.0, 797.0, 1000.0, 0.32592495172259794
16.0, 7.0, 827.0, 1000.0, 0.3167290023159103
20.0, 3.0, 830.0, 1000.0, 0.32455769299320447
16.0, 6.0, 827.0, 1000.0, 0.32455769299320447
30.0, 5.0, 901.0, 1000.0, 0.3117116749184844
16.0, 6.0, 829.0, 1000.0, 0.32316342220983163
21.0, 8.0, 892.0, 1000.0, 0.3099824831149566
20.0, 7.0, 884.0, 1000.0, 0.3144746631173135
16.0, 6.0, 836.0, 1000.0, 0.3224487923443671
21.0, 6.0, 800.0, 1000.0, 0.3252468682277554
12.0, 8.0, 824.0, 1000.0, 0.3278426974119213
18.0, 6.0, 831.0, 1000.0, 0.31800293054254103
24.0, 5.0, 895.0, 1000.0, 0.31310594570185724
25.0, 5.0, 878.0, 1000.0, 0.31207073973626553
26.0, 1.0, 914.0, 1000.0, 0.3225271123552915
11.0, 10.0, 817.0, 1000.0, 0.3240579561601732
25.0, 1.0, 881.0, 1000.0, 0.324657280379337
19.0, 3.0, 832.0, 1000.0, 0.33391328890526495
23.0, 2.0, 846.0, 1000.0, 0.3332309271649855
24.0, 2.0, 873.0, 1000.0, 0.3146785889805061
15.0, 7.0, 807.0, 1000.0, 0.3197324178766068
19.0, 8.0, 849.0, 1000.0, 0.31099704505301984
31.0, 4.0, 924.0, 1000.0, 0.31291954639406144
25.0, 5.0, 867.0, 1000.0, 0.3147699106613173
30.0, 5.0, 909.0, 1000.0, 0.31099704505301984
27.0, 8.0, 908.0, 1000.0, 0.30783046200866065
12.0, 6.0, 867.0, 1000.0, 0.32939324659663194
16.0, 10.0, 903.0, 1000.0, 0.31317517661392147
16.0, 4.0, 839.0, 1000.0, 0.32455769299320447
26.0, 6.0, 925.0, 1000.0, 0.3117116749184844
21.0, 7.0, 921.0, 1000.0, 0.31291954639406144
26.0, 9.0, 875.0, 1000.0, 0.30856000106142123
15.0, 4.0, 886.0, 1000.0, 0.324657280379337
32.0, 4.0, 892.0, 1000.0, 0.3127584422889942
21.0, 5.0, 805.0, 1000.0, 0.3238567456695767
22.0, 7.0, 904.0, 1000.0, 0.3127584422889942
18.0, 4.0, 839.0, 1000.0, 0.3238567456695767
24.0, 3.0, 858.0, 1000.0, 0.3211208052768556
14.0, 7.0, 826.0, 1000.0, 0.3284701404295563
15.0, 6.0, 835.0, 1000.0, 0.33391328890526495
17.0, 10.0, 921.0, 1000.0, 0.3125785476584283
17.0, 8.0, 892.0, 1000.0, 0.3154332306712925
19.0, 4.0, 812.0, 1000.0, 0.31490068374657415
14.0, 6.0, 890.0, 1000.0, 0.31993440207696294
20.0, 3.0, 849.0, 1000.0, 0.3224487923443671
12.0, 7.0, 845.0, 1000.0, 0.3224487923443671
18.0, 8.0, 904.0, 1000.0, 0.3147699106613173

32.0, 3.0, 901.0, 1000.0, 0.3202741639587604
12.0, 8.0, 837.0, 1000.0, 0.32592495172259794
18.0, 4.0, 840.0, 1000.0, 0.3306886202078364
20.0, 3.0, 821.0, 1000.0, 0.32455769299320447
12.0, 9.0, 835.0, 1000.0, 0.3252468682277554
15.0, 5.0, 910.0, 1000.0, 0.324657280379337
16.0, 5.0, 846.0, 1000.0, 0.3273997247908179
32.0, 2.0, 906.0, 1000.0, 0.3202741639587604
23.0, 4.0, 853.0, 1000.0, 0.3098164005376687
19.0, 4.0, 804.0, 1000.0, 0.31952874182898455
20.0, 3.0, 849.0, 1000.0, 0.32135392836424115
20.0, 2.0, 845.0, 1000.0, 0.3273997247908179
26.0, 3.0, 909.0, 1000.0, 0.3194884047260117
17.0, 9.0, 914.0, 1000.0, 0.3141077947994853
11.0, 7.0, 872.0, 1000.0, 0.32464999372084336
26.0, 2.0, 899.0, 1000.0, 0.32135392836424115
20.0, 9.0, 909.0, 1000.0, 0.308889365607276
19.0, 5.0, 862.0, 1000.0, 0.3098164005376687
21.0, 8.0, 907.0, 1000.0, 0.30636203895378045
12.0, 6.0, 865.0, 1000.0, 0.3273997247908179
32.0, 3.0, 903.0, 1000.0, 0.3187892693615794
12.0, 8.0, 840.0, 1000.0, 0.3167290023159103
17.0, 5.0, 817.0, 1000.0, 0.32548365073387375
12.0, 8.0, 832.0, 1000.0, 0.3354586652148564
26.0, 1.0, 903.0, 1000.0, 0.3272744369195597
16.0, 5.0, 861.0, 1000.0, 0.3253509410444712
25.0, 1.0, 890.0, 1000.0, 0.3273997247908179
19.0, 4.0, 801.0, 1000.0, 0.3197324178766068
20.0, 2.0, 840.0, 1000.0, 0.32939324659663194
15.0, 6.0, 808.0, 1000.0, 0.3144746631173135
12.0, 7.0, 854.0, 1000.0, 0.32135392836424115
24.0, 2.0, 887.0, 1000.0, 0.3255134753811518
25.0, 3.0, 915.0, 1000.0, 0.3203219898802513
25.0, 5.0, 893.0, 1000.0, 0.30783046200866065
20.0, 3.0, 823.0, 1000.0, 0.32316342220983163
12.0, 5.0, 837.0, 1000.0, 0.32939324659663194
12.0, 7.0, 863.0, 1000.0, 0.3194884047260117
21.0, 4.0, 794.0, 1000.0, 0.32548365073387375
16.0, 5.0, 851.0, 1000.0, 0.32739972479081786
16.0, 3.0, 857.0, 1000.0, 0.32939324659663194
19.0, 3.0, 832.0, 1000.0, 0.32939324659663194

12.0, 7.0, 855.0, 1000.0, 0.32872959908996224
20.0, 7.0, 869.0, 1000.0, 0.31845809423079435
22.0, 4.0, 816.0, 1000.0, 0.32172664235392934
11.0, 7.0, 838.0, 1000.0, 0.32939324659663194
20.0, 8.0, 858.0, 1000.0, 0.317148251254018
17.0, 8.0, 903.0, 1000.0, 0.3157003900795965
27.0, 6.0, 907.0, 1000.0, 0.3141077947994853
21.0, 6.0, 798.0, 1000.0, 0.3252468682277554
12.0, 5.0, 843.0, 1000.0, 0.32939324659663194
15.0, 8.0, 796.0, 1000.0, 0.3209859318223715
26.0, 0.0, 906.0, 1000.0, 0.32939324659663194
32.0, 4.0, 911.0, 1000.0, 0.3127584422889942
12.0, 9.0, 864.0, 1000.0, 0.31800293054254103
31.0, 5.0, 910.0, 1000.0, 0.3131821134597765
20.0, 8.0, 869.0, 1000.0, 0.3131821134597765
25.0, 9.0, 842.0, 1000.0, 0.3172561421796807
19.0, 3.0, 838.0, 1000.0, 0.32939324659663194
21.0, 5.0, 797.0, 1000.0, 0.32592495172259794
12.0, 6.0, 862.0, 1000.0, 0.3273997247908179
12.0, 8.0, 839.0, 1000.0, 0.32455769299320447
14.0, 6.0, 819.0, 1000.0, 0.3190997950723623
25.0, 5.0, 886.0, 1000.0, 0.31542613530276165
15.0, 5.0, 826.0, 1000.0, 0.32939324659663194
21.0, 5.0, 895.0, 1000.0, 0.3172561421796807
12.0, 8.0, 855.0, 1000.0, 0.3207318800299911
16.0, 8.0, 821.0, 1000.0, 0.31800293054254103
28.0, 5.0, 897.0, 1000.0, 0.31410057367695615
21.0, 7.0, 883.0, 1000.0, 0.3172561421796807
12.0, 8.0, 830.0, 1000.0, 0.32592495172259794
20.0, 3.0, 832.0, 1000.0, 0.32316342220983163
20.0, 8.0, 861.0, 1000.0, 0.31436280008045814
23.0, 3.0, 863.0, 1000.0, 0.31909979507236236
13.0, 8.0, 863.0, 1000.0, 0.32050512170644524
22.0, 4.0, 807.0, 1000.0, 0.3217266423539294
26.0, 8.0, 908.0, 1000.0, 0.31310594570185724
22.0, 6.0, 941.0, 1000.0, 0.31693272227238495
27.0, 6.0, 919.0, 1000.0, 0.3131821134597765
16.0, 9.0, 817.0, 1000.0, 0.3195027725864901
12.0, 9.0, 826.0, 1000.0, 0.3252468682277554
26.0, 5.0, 852.0, 1000.0, 0.317148251254018
20.0, 1.0, 841.0, 1000.0, 0.3273997247908179
24.0, 1.0, 887.0, 1000.0, 0.31909979507236236
19.0, 3.0, 844.0, 1000.0, 0.32251989040519613
15.0, 4.0, 830.0, 1000.0, 0.3190997950723623
21.0, 7.0, 916.0, 1000.0, 0.316925426473629
24.0, 4.0, 863.0, 1000.0, 0.31845809423079435
17.0, 9.0, 901.0, 1000.0, 0.31542613530276165
23.0, 3.0, 896.0, 1000.0, 0.31467129318175013
26.0, 9.0, 904.0, 1000.0, 0.31317517661392147
17.0, 3.0, 870.0, 1000.0, 0.3280676849708265
20.0, 8.0, 860.0, 1000.0, 0.3158299107507417
21.0, 5.0, 802.0, 1000.0, 0.32455769299320447

26.0, 2.0, 912.0, 1000.0, 0.3272744369195597
13.0, 8.0, 846.0, 1000.0, 0.3305424928226161
31.0, 2.0, 915.0, 1000.0, 0.3242863302426112
21.0, 6.0, 895.0, 1000.0, 0.31542613530276165
25.0, 1.0, 890.0, 1000.0, 0.32939324659663194
20.0, 3.0, 830.0, 1000.0, 0.32455769299320447
22.0, 6.0, 818.0, 1000.0, 0.32232861197569557
12.0, 8.0, 851.0, 1000.0, 0.33508209375090225
12.0, 7.0, 855.0, 1000.0, 0.3306886202078364
17.0, 5.0, 857.0, 1000.0, 0.33508209375090225
12.0, 7.0, 891.0, 1000.0, 0.32872959908996224
20.0, 2.0, 854.0, 1000.0, 0.32739972479081786
13.0, 6.0, 856.0, 1000.0, 0.33508209375090225
26.0, 6.0, 880.0, 1000.0, 0.3172561421796807
28.0, 5.0, 884.0, 1000.0, 0.31800293054254103
29.0, 6.0, 867.0, 1000.0, 0.31845111826716666
34.0, 5.0, 879.0, 1000.0, 0.31736862958001255
16.0, 7.0, 846.0, 1000.0, 0.318851737200337
19.0, 10.0, 825.0, 1000.0, 0.3252468682277554
17.0, 8.0, 837.0, 1000.0, 0.32232861197569557
17.0, 9.0, 901.0, 1000.0, 0.31542613530276165
20.0, 9.0, 894.0, 1000.0, 0.31317517661392147
26.0, 8.0, 866.0, 1000.0, 0.3172561421796807
21.0, 8.0, 894.0, 1000.0, 0.3141077947994853
20.0, 7.0, 874.0, 1000.0, 0.31490068374657415
25.0, 5.0, 886.0, 1000.0, 0.31542613530276165
17.0, 7.0, 836.0, 1000.0, 0.3305424928226161
19.0, 3.0, 831.0, 1000.0, 0.3203219898802513
16.0, 5.0, 860.0, 1000.0, 0.32739972479081786
20.0, 9.0, 865.0, 1000.0, 0.31542613530276165
13.0, 8.0, 873.0, 1000.0, 0.32670886623313367
32.0, 1.0, 917.0, 1000.0, 0.32601025993257504
31.0, 5.0, 898.0, 1000.0, 0.3141077947994853
15.0, 9.0, 804.0, 1000.0, 0.3305424928226161
22.0, 3.0, 822.0, 1000.0, 0.3306886202078364
25.0, 4.0, 886.0, 1000.0, 0.3172561421796807
22.0, 5.0, 818.0, 1000.0, 0.3305424928226161
16.0, 9.0, 903.0, 1000.0, 0.31845111826716666
21.0, 6.0, 897.0, 1000.0, 0.3141077947994853
32.0, 2.0, 928.0, 1000.0, 0.32401673812676096
12.0, 8.0, 853.0, 1000.0, 0.3278426974119213
26.0, 1.0, 905.0, 1000.0, 0.32739972479081786
18.0, 4.0, 843.0, 1000.0, 0.3267181997738647
24.0, 5.0, 888.0, 1000.0, 0.31845111826716666
17.0, 8.0, 924.0, 1000.0, 0.316925426473629
25.0, 4.0, 888.0, 1000.0, 0.31490068374657415
22.0, 5.0, 820.0, 1000.0, 0.3252468682277554
15.0, 7.0, 834.0, 1000.0, 0.3306886202078364
26.0, 2.0, 916.0, 1000.0, 0.32601025993257504
24.0, 5.0, 890.0, 1000.0, 0.3171553466225488
22.0, 4.0, 840.0, 1000.0, 0.318851737200337
22.0, 3.0, 826.0, 1000.0, 0.3267181997738647
22.0, 4.0, 822.0, 1000.0, 0.32592495172259794
27.0, 6.0, 914.0, 1000.0, 0.31207073973626553
15.0, 6.0, 838.0, 1000.0, 0.32031488184904094
26.0, 3.0, 893.0, 1000.0, 0.3190476178146712
21.0, 5.0, 895.0, 1000.0, 0.3172561421796807
21.0, 7.0, 921.0, 1000.0, 0.31291954639406144
13.0, 7.0, 854.0, 1000.0, 0.3383419386552257
20.0, 6.0, 897.0, 1000.0, 0.31845111826716666

26.0, 8.0, 922.0, 1000.0, 0.31099704505301984
11.0, 8.0, 867.0, 1000.0, 0.31952874182898455
14.0, 7.0, 818.0, 1000.0, 0.32464999372084336
24.0, 5.0, 872.0, 1000.0, 0.31207073973626553
27.0, 8.0, 906.0, 1000.0, 0.3099824831149566
14.0, 6.0, 822.0, 1000.0, 0.31467129318175013
15.0, 9.0, 794.0, 1000.0, 0.3243060908204236
15.0, 5.0, 863.0, 1000.0, 0.31952874182898455
11.0, 7.0, 843.0, 1000.0, 0.3242863302426112
26.0, 9.0, 873.0, 1000.0, 0.3099824831149566
12.0, 6.0, 860.0, 1000.0, 0.3273997247908179
22.0, 9.0, 931.0, 1000.0, 0.31099704505301984
22.0, 5.0, 811.0, 1000.0, 0.3252468682277554
13.0, 9.0, 846.0, 1000.0, 0.32232861197569557
20.0, 3.0, 840.0, 1000.0, 0.3224487923443671
11.0, 9.0, 865.0, 1000.0, 0.3235332516376215
19.0, 3.0, 832.0, 1000.0, 0.32464999372084336
25.0, 1.0, 890.0, 1000.0, 0.3273997247908179
26.0, 3.0, 929.0, 1000.0, 0.31693272227238495
32.0, 3.0, 916.0, 1000.0, 0.31803397938233857
19.0, 3.0, 843.0, 1000.0, 0.3242863302426112
19.0, 3.0, 904.0, 1000.0, 0.31885910858314637
12.0, 5.0, 846.0, 1000.0, 0.32939324659663194
26.0, 3.0, 890.0, 1000.0, 0.3202741639587604
25.0, 4.0, 877.0, 1000.0, 0.3154332306712925
26.0, 4.0, 900.0, 1000.0, 0.3147699106613173
20.0, 4.0, 827.0, 1000.0, 0.3167290023159103
20.0, 8.0, 873.0, 1000.0, 0.31207073973626553
16.0, 4.0, 848.0, 1000.0, 0.32939324659663194
16.0, 3.0, 852.0, 1000.0, 0.32939324659663194
22.0, 4.0, 813.0, 1000.0, 0.32592495172259794
27.0, 8.0, 908.0, 1000.0, 0.30783046200866065
30.0, 5.0, 869.0, 1000.0, 0.31490068374657415
26.0, 2.0, 903.0, 1000.0, 0.31885910858314637
25.0, 3.0, 886.0, 1000.0, 0.32101133142288507
13.0, 10.0, 842.0, 1000.0, 0.33183613550524593
20.0, 1.0, 845.0, 1000.0, 0.32939324659663194
16.0, 9.0, 921.0, 1000.0, 0.31207073973626553
30.0, 5.0, 904.0, 1000.0, 0.31099704505301984
26.0, 3.0, 901.0, 1000.0, 0.3187892693615794
20.0, 2.0, 855.0, 1000.0, 0.32535094104447115
15.0, 5.0, 816.0, 1000.0, 0.3197324178766068
22.0, 5.0, 813.0, 1000.0, 0.3240579561601732

16.0, 6.0, 826.0, 1000.0, 0.32455769299320447
21.0, 5.0, 895.0, 1000.0, 0.32315634635756013
32.0, 1.0, 918.0, 1000.0, 0.32535094104447115
30.0, 5.0, 872.0, 1000.0, 0.3172561421796807
31.0, 4.0, 926.0, 1000.0, 0.31490068374657415
13.0, 6.0, 865.0, 1000.0, 0.33508209375090225
25.0, 1.0, 890.0, 1000.0, 0.32939324659663194
31.0, 4.0, 902.0, 1000.0, 0.3157003900795965
25.0, 2.0, 901.0, 1000.0, 0.3253509410444712
19.0, 5.0, 842.0, 1000.0, 0.32925777885719254
22.0, 5.0, 809.0, 1000.0, 0.3305424928226161
15.0, 6.0, 831.0, 1000.0, 0.3242863302426112
20.0, 6.0, 872.0, 1000.0, 0.3131788914726956
31.0, 5.0, 870.0, 1000.0, 0.3198905209919739
23.0, 4.0, 868.0, 1000.0, 0.31992722703493487
22.0, 4.0, 901.0, 1000.0, 0.32316342220983163
15.0, 6.0, 878.0, 1000.0, 0.31798473275768396
25.0, 4.0, 882.0, 1000.0, 0.3167290023159103
22.0, 4.0, 813.0, 1000.0, 0.32592495172259794
15.0, 7.0, 848.0, 1000.0, 0.3132843557312403
15.0, 6.0, 829.0, 1000.0, 0.32464999372084336
22.0, 4.0, 906.0, 1000.0, 0.3224487923443671
25.0, 2.0, 899.0, 1000.0, 0.3273997247908179
32.0, 4.0, 894.0, 1000.0, 0.3147699106613173
24.0, 5.0, 859.0, 1000.0, 0.32315634635756013
24.0, 5.0, 866.0, 1000.0, 0.3228444338754327
20.0, 8.0, 897.0, 1000.0, 0.31207073973626553
30.0, 5.0, 845.0, 1000.0, 0.3224487923443671
31.0, 4.0, 864.0, 1000.0, 0.32316342220983163
20.0, 2.0, 854.0, 1000.0, 0.32939324659663194
12.0, 7.0, 835.0, 1000.0, 0.32455769299320447
21.0, 5.0, 897.0, 1000.0, 0.3217338643040248
24.0, 3.0, 892.0, 1000.0, 0.3203219898802513
19.0, 5.0, 840.0, 1000.0, 0.3305424928226161
24.0, 5.0, 888.0, 1000.0, 0.31845111826716666
16.0, 6.0, 828.0, 1000.0, 0.32316342220983163
15.0, 6.0, 864.0, 1000.0, 0.32251989040519613
25.0, 5.0, 886.0, 1000.0, 0.31542613530276165
18.0, 6.0, 818.0, 1000.0, 0.3305424928226161
22.0, 4.0, 910.0, 1000.0, 0.32135392836424115
29.0, 2.0, 895.0, 1000.0, 0.324373558934295
25.0, 2.0, 939.0, 1000.0, 0.3224491184468963
26.0, 1.0, 903.0, 1000.0, 0.3267255535828645
31.0, 3.0, 906.0, 1000.0, 0.3196047341473069
26.0, 2.0, 907.0, 1000.0, 0.32135392836424115
22.0, 2.0, 900.0, 1000.0, 0.3273997247908179
11.0, 7.0, 837.0, 1000.0, 0.32464999372084336
15.0, 7.0, 826.0, 1000.0, 0.3321161717584383
16.0, 7.0, 890.0, 1000.0, 0.3131788914726956
24.0, 4.0, 874.0, 1000.0, 0.31952874182898455
16.0, 5.0, 850.0, 1000.0, 0.3273997247908179
32.0, 3.0, 905.0, 1000.0, 0.3187892693615794
16.0, 6.0, 835.0, 1000.0, 0.3224487923443671
25.0, 3.0, 877.0, 1000.0, 0.3202741639587604
24.0, 3.0, 891.0, 1000.0, 0.32251989040519613
21.0, 5.0, 902.0, 1000.0, 0.3172561421796807
32.0, 3.0, 918.0, 1000.0, 0.31757780897370624
20.0, 3.0, 820.0, 1000.0, 0.32455769299320447
21.0, 6.0, 789.0, 1000.0, 0.3305424928226161
21.0, 4.0, 940.0, 1000.0, 0.3203219898802513
31.0, 5.0, 873.0, 1000.0, 0.3147699106613173
16.0, 7.0, 822.0, 1000.0, 0.3354586652148564
16.0, 8.0, 822.0, 1000.0, 0.31410057367695615
19.0, 4.0, 850.0, 1000.0, 0.32670886623313367
21.0, 5.0, 913.0, 1000.0, 0.316925426473629
22.0, 5.0, 897.0, 1000.0, 0.3198905209919739
32.0, 2.0, 897.0, 1000.0, 0.32101133142288507

26.0, 2.0, 902.0, 1000.0, 0.324657280379337
22.0, 5.0, 809.0, 1000.0, 0.3305424928226161
22.0, 4.0, 813.0, 1000.0, 0.32007427277709877
22.0, 5.0, 811.0, 1000.0, 0.3252468682277554
24.0, 3.0, 857.0, 1000.0, 0.3144746631173135
26.0, 2.0, 920.0, 1000.0, 0.31757780897370624
32.0, 1.0, 920.0, 1000.0, 0.31757780897370624
20.0, 3.0, 821.0, 1000.0, 0.32455769299320447
14.0, 7.0, 781.0, 1000.0, 0.30557612281006385
11.0, 8.0, 813.0, 1000.0, 0.31490068374657415
18.0, 5.0, 822.0, 1000.0, 0.32007427277709877
20.0, 3.0, 846.0, 1000.0, 0.32316342220983163
23.0, 5.0, 837.0, 1000.0, 0.31490068374657415
16.0, 4.0, 830.0, 1000.0, 0.32455769299320447
20.0, 5.0, 870.0, 1000.0, 0.31490068374657415
22.0, 3.0, 837.0, 1000.0, 0.32270745397494915
32.0, 2.0, 908.0, 1000.0, 0.32135392836424115
12.0, 6.0, 863.0, 1000.0, 0.32739972479081786
19.0, 3.0, 841.0, 1000.0, 0.3332309271649854
25.0, 1.0, 898.0, 1000.0, 0.3273997247908179
23.0, 4.0, 845.0, 1000.0, 0.30557612281006385
18.0, 4.0, 819.0, 1000.0, 0.3332309271649854
14.0, 6.0, 805.0, 1000.0, 0.309978503116518
20.0, 2.0, 845.0, 1000.0, 0.32739972479081786
22.0, 5.0, 822.0, 1000.0, 0.31800293054254103
32.0, 1.0, 908.0, 1000.0, 0.324657280379337
11.0, 7.0, 831.0, 1000.0, 0.31957557812454396

32.0, 1.0, 913.0, 1000.0, 0.3272744369195597
16.0, 3.0, 848.0, 1000.0, 0.32939324659663194
15.0, 8.0, 794.0, 1000.0, 0.32592495172259794
12.0, 7.0, 854.0, 1000.0, 0.3224487923443671
12.0, 8.0, 828.0, 1000.0, 0.32592495172259794
32.0, 1.0, 915.0, 1000.0, 0.3252446029788691
20.0, 2.0, 840.0, 1000.0, 0.32939324659663194
20.0, 8.0, 878.0, 1000.0, 0.31207073973626553
15.0, 7.0, 809.0, 1000.0, 0.31490068374657415
21.0, 2.0, 876.0, 1000.0, 0.32739972479081786
16.0, 8.0, 803.0, 1000.0, 0.32337570747390293
20.0, 6.0, 889.0, 1000.0, 0.3115895173540223
22.0, 5.0, 899.0, 1000.0, 0.3167290023159103
20.0, 2.0, 851.0, 1000.0, 0.3273997247908179
24.0, 2.0, 878.0, 1000.0, 0.3172342714341329
16.0, 6.0, 821.0, 1000.0, 0.32455769299320447
16.0, 9.0, 910.0, 1000.0, 0.3141077947994853
24.0, 3.0, 853.0, 1000.0, 0.3144746631173135
20.0, 3.0, 886.0, 1000.0, 0.3172342714341329
23.0, 4.0, 867.0, 1000.0, 0.32251989040519613
16.0, 4.0, 839.0, 1000.0, 0.32455769299320447
12.0, 7.0, 842.0, 1000.0, 0.32455769299320447
13.0, 6.0, 847.0, 1000.0, 0.33508209375090225
23.0, 5.0, 831.0, 1000.0, 0.32232861197569557
13.0, 7.0, 841.0, 1000.0, 0.3383419386552257
16.0, 6.0, 835.0, 1000.0, 0.32316342220983163
25.0, 1.0, 886.0, 1000.0, 0.32939324659663194
22.0, 6.0, 822.0, 1000.0, 0.31515472944820394
12.0, 8.0, 851.0, 1000.0, 0.3167290023159103
19.0, 3.0, 828.0, 1000.0, 0.32464999372084336
31.0, 5.0, 898.0, 1000.0, 0.3099824831149566
15.0, 5.0, 842.0, 1000.0, 0.3172342714341329
20.0, 4.0, 880.0, 1000.0, 0.3172342714341329

16.0, 6.0, 826.0, 1000.0, 0.3267181997738647
21.0, 2.0, 879.0, 1000.0, 0.3280676849708265
20.0, 2.0, 859.0, 1000.0, 0.32939324659663194
23.0, 9.0, 924.0, 1000.0, 0.31207073973626553
22.0, 5.0, 813.0, 1000.0, 0.31800293054254103
16.0, 8.0, 819.0, 1000.0, 0.31800293054254103
18.0, 5.0, 831.0, 1000.0, 0.32592495172259794
32.0, 3.0, 888.0, 1000.0, 0.3202741639587604
13.0, 6.0, 860.0, 1000.0, 0.33425299022993377
19.0, 2.0, 910.0, 1000.0, 0.324657280379337
13.0, 6.0, 856.0, 1000.0, 0.33508209375090225
12.0, 8.0, 849.0, 1000.0, 0.318851737200337
17.0, 2.0, 865.0, 1000.0, 0.3326067093620861
27.0, 8.0, 908.0, 1000.0, 0.30783046200866065
19.0, 4.0, 813.0, 1000.0, 0.31952874182898455
25.0, 4.0, 889.0, 1000.0, 0.3139370975367603
22.0, 5.0, 808.0, 1000.0, 0.3252468682277554
15.0, 6.0, 837.0, 1000.0, 0.3203219898802513
19.0, 6.0, 835.0, 1000.0, 0.3186395980682158
18.0, 3.0, 901.0, 1000.0, 0.3195755781245439
25.0, 3.0, 891.0, 1000.0, 0.31803397938233857
26.0, 2.0, 903.0, 1000.0, 0.32135392836424115
15.0, 8.0, 846.0, 1000.0, 0.317148251254018
18.0, 6.0, 865.0, 1000.0, 0.31410057367695615
12.0, 7.0, 829.0, 1000.0, 0.3267181997738647
16.0, 7.0, 846.0, 1000.0, 0.318851737200337
15.0, 7.0, 876.0, 1000.0, 0.316925426473629
25.0, 5.0, 863.0, 1000.0, 0.3147699106613173
15.0, 7.0, 807.0, 1000.0, 0.3197324178766068
15.0, 8.0, 796.0, 1000.0, 0.3209859318223715
22.0, 1.0, 873.0, 1000.0, 0.3326067093620861
20.0, 7.0, 944.0, 1000.0, 0.3139287716688369
25.0, 4.0, 879.0, 1000.0, 0.3157003900795965
24.0, 5.0, 867.0, 1000.0, 0.31207073973626553
22.0, 2.0, 902.0, 1000.0, 0.32601025993257504
21.0, 7.0, 916.0, 1000.0, 0.31291954639406144
24.0, 4.0, 869.0, 1000.0, 0.3164989186193426
16.0, 8.0, 821.0, 1000.0, 0.3167290023159103
16.0, 4.0, 838.0, 1000.0, 0.32316342220983163
11.0, 7.0, 845.0, 1000.0, 0.3203219898802513
15.0, 7.0, 872.0, 1000.0, 0.31861312415299003
15.0, 8.0, 795.0, 1000.0, 0.3217266423539294
12.0, 8.0, 851.0, 1000.0, 0.3182174362378085
16.0, 8.0, 824.0, 1000.0, 0.3127584422889942
26.0, 4.0, 898.0, 1000.0, 0.3127584422889942
21.0, 5.0, 897.0, 1000.0, 0.3157003900795965
22.0, 3.0, 820.0, 1000.0, 0.3267181997738647
25.0, 1.0, 883.0, 1000.0, 0.324657280379337
25.0, 5.0, 888.0, 1000.0, 0.30856000106142123
12.0, 6.0, 870.0, 1000.0, 0.32939324659663194
19.0, 3.0, 831.0, 1000.0, 0.3203219898802513
24.0, 4.0, 912.0, 1000.0, 0.3159912109518699
12.0, 8.0, 822.0, 1000.0, 0.3217266423539294
24.0, 5.0, 890.0, 1000.0, 0.3117116749184844
22.0, 4.0, 809.0, 1000.0, 0.32592495172259794

16.0, 6.0, 828.0, 1000.0, 0.3279437739039209
20.0, 1.0, 845.0, 1000.0, 0.32939324659663194
12.0, 7.0, 851.0, 1000.0, 0.32455769299320447
20.0, 6.0, 859.0, 1000.0, 0.3144746631173135
12.0, 7.0, 846.0, 1000.0, 0.3279437739039209
16.0, 4.0, 839.0, 1000.0, 0.32455769299320447
11.0, 8.0, 819.0, 1000.0, 0.31952874182898455
16.0, 6.0, 833.0, 1000.0, 0.3224487923443671
15.0, 7.0, 819.0, 1000.0, 0.31952874182898455
31.0, 5.0, 898.0, 1000.0, 0.31207073973626553
24.0, 2.0, 893.0, 1000.0, 0.3172342714341329
16.0, 4.0, 841.0, 1000.0, 0.32316342220983163
12.0, 5.0, 846.0, 1000.0, 0.32939324659663194
20.0, 7.0, 859.0, 1000.0, 0.30891135989246343
15.0, 7.0, 817.0, 1000.0, 0.3228444338754327
12.0, 7.0, 860.0, 1000.0, 0.3224487923443671
20.0, 2.0, 845.0, 1000.0, 0.32135392836424115
15.0, 5.0, 829.0, 1000.0, 0.32939324659663194
16.0, 7.0, 872.0, 1000.0, 0.3144746631173135
20.0, 5.0, 889.0, 1000.0, 0.3172342714341329
31.0, 5.0, 902.0, 1000.0, 0.30856000106142123
15.0, 5.0, 831.0, 1000.0, 0.3242863302426112
16.0, 7.0, 839.0, 1000.0, 0.3186466581577645
12.0, 7.0, 863.0, 1000.0, 0.32135392836424115
15.0, 7.0, 841.0, 1000.0, 0.3172561421796807
11.0, 9.0, 817.0, 1000.0, 0.3235332516376215
15.0, 8.0, 815.0, 1000.0, 0.32608517588601965
19.0, 4.0, 806.0, 1000.0, 0.3180272653222272
24.0, 3.0, 857.0, 1000.0, 0.3144746631173135
25.0, 1.0, 892.0, 1000.0, 0.324657280379337
20.0, 3.0, 823.0, 1000.0, 0.32316342220983163
15.0, 8.0, 811.0, 1000.0, 0.3383936511340936
15.0, 8.0, 819.0, 1000.0, 0.31207073973626553
31.0, 5.0, 875.0, 1000.0, 0.31343962984570867

25.0, 3.0, 899.0, 1000.0, 0.32026678647070067
15.0, 4.0, 901.0, 1000.0, 0.3267255535828645
32.0, 3.0, 917.0, 1000.0, 0.31757780897370624
26.0, 3.0, 889.0, 1000.0, 0.3224487923443671
30.0, 5.0, 867.0, 1000.0, 0.3172561421796807
32.0, 1.0, 934.0, 1000.0, 0.3253509410444712
24.0, 4.0, 901.0, 1000.0, 0.3158226896282125
26.0, 3.0, 908.0, 1000.0, 0.3187892693615794
32.0, 3.0, 907.0, 1000.0, 0.3187892693615794
19.0, 4.0, 867.0, 1000.0, 0.3332309271649855
13.0, 6.0, 856.0, 1000.0, 0.33508209375090225
25.0, 3.0, 877.0, 1000.0, 0.32316342220983163
26.0, 4.0, 883.0, 1000.0, 0.3198905209919739
15.0, 8.0, 795.0, 1000.0, 0.3209859318223715
25.0, 4.0, 882.0, 1000.0, 0.32315634635756013
12.0, 9.0, 824.0, 1000.0, 0.3305424928226161
21.0, 8.0, 894.0, 1000.0, 0.31207073973626553
22.0, 4.0, 813.0, 1000.0, 0.32592495172259794
13.0, 6.0, 858.0, 1000.0, 0.3332309271649855
12.0, 6.0, 863.0, 1000.0, 0.32939324659663194
25.0, 4.0, 923.0, 1000.0, 0.3149493803347521
13.0, 9.0, 846.0, 1000.0, 0.32232861197569557
15.0, 5.0, 822.0, 1000.0, 0.31952874182898455
12.0, 8.0, 828.0, 1000.0, 0.32592495172259794
26.0, 2.0, 912.0, 1000.0, 0.3272744369195597
25.0, 2.0, 900.0, 1000.0, 0.3273997247908179
21.0, 6.0, 944.0, 1000.0, 0.3099824831149566
26.0, 9.0, 878.0, 1000.0, 0.3099824831149566
22.0, 4.0, 824.0, 1000.0, 0.32455769299320447
25.0, 5.0, 886.0, 1000.0, 0.31542613530276165
26.0, 2.0, 932.0, 1000.0, 0.3225271123552915
30.0, 6.0, 865.0, 1000.0, 0.31542613530276165
19.0, 4.0, 847.0, 1000.0, 0.33508209375090225
25.0, 4.0, 886.0, 1000.0, 0.3172561421796807
33.0, 6.0, 878.0, 1000.0, 0.3147699106613173
12.0, 7.0, 836.0, 1000.0, 0.32455769299320447
12.0, 9.0, 826.0, 1000.0, 0.3252468682277554
31.0, 4.0, 867.0, 1000.0, 0.32101133142288507
25.0, 3.0, 910.0, 1000.0, 0.3180199401084586
15.0, 8.0, 794.0, 1000.0, 0.32592495172259794
11.0, 8.0, 851.0, 1000.0, 0.31952874182898455
32.0, 2.0, 903.0, 1000.0, 0.32535094104447115
16.0, 8.0, 822.0, 1000.0, 0.31410057367695615
26.0, 4.0, 889.0, 1000.0, 0.3147699106613173
20.0, 3.0, 827.0, 1000.0, 0.32455769299320447
22.0, 5.0, 811.0, 1000.0, 0.3252468682277554
27.0, 2.0, 874.0, 1000.0, 0.3278426974119213
26.0, 3.0, 891.0, 1000.0, 0.32101133142288507
30.0, 5.0, 898.0, 1000.0, 0.31310594570185724
24.0, 3.0, 879.0, 1000.0, 0.3242863302426112
20.0, 6.0, 893.0, 1000.0, 0.31310594570185724
20.0, 6.0, 872.0, 1000.0, 0.3180272653222272
20.0, 1.0, 842.0, 1000.0, 0.32939324659663194
23.0, 5.0, 875.0, 1000.0, 0.3158226896282125
21.0, 5.0, 801.0, 1000.0, 0.32592495172259794
26.0, 2.0, 916.0, 1000.0, 0.324657280379337
26.0, 4.0, 885.0, 1000.0, 0.3186466581577645
28.0, 5.0, 897.0, 1000.0, 0.31410057367695615
14.0, 6.0, 797.0, 1000.0, 0.31952874182898455
15.0, 7.0, 818.0, 1000.0, 0.31490068374657415
31.0, 1.0, 937.0, 1000.0, 0.3225271123552915
21.0, 4.0, 902.0, 1000.0, 0.3172561421796807
21.0, 5.0, 888.0, 1000.0, 0.31490068374657415

25.0, 3.0, 875.0, 1000.0, 0.32455769299320447
13.0, 6.0, 856.0, 1000.0, 0.3332309271649855
24.0, 4.0, 867.0, 1000.0, 0.31952874182898455
25.0, 3.0, 877.0, 1000.0, 0.32316342220983163
32.0, 1.0, 913.0, 1000.0, 0.32939324659663194
19.0, 3.0, 837.0, 1000.0, 0.32939324659663194
32.0, 3.0, 904.0, 1000.0, 0.3221061324466729
23.0, 4.0, 842.0, 1000.0, 0.32925777885719254
20.0, 5.0, 876.0, 1000.0, 0.31952874182898455
25.0, 4.0, 866.0, 1000.0, 0.32455769299320447
18.0, 5.0, 822.0, 1000.0, 0.32592495172259794
17.0, 5.0, 852.0, 1000.0, 0.3332309271649855
26.0, 4.0, 855.0, 1000.0, 0.3223181257681182
21.0, 3.0, 905.0, 1000.0, 0.3238567456695767
32.0, 3.0, 924.0, 1000.0, 0.3194884047260117
21.0, 5.0, 875.0, 1000.0, 0.32455769299320447
21.0, 4.0, 886.0, 1000.0, 0.32316342220983163
15.0, 6.0, 843.0, 1000.0, 0.32464999372084336
32.0, 2.0, 924.0, 1000.0, 0.324657280379337
11.0, 7.0, 837.0, 1000.0, 0.32939324659663194
22.0, 5.0, 830.0, 1000.0, 0.3167290023159103
31.0, 3.0, 921.0, 1000.0, 0.3203219898802513
14.0, 7.0, 824.0, 1000.0, 0.3242863302426112
15.0, 6.0, 838.0, 1000.0, 0.32939324659663194
13.0, 9.0, 773.0, 1000.0, 0.31515472944820394
24.0, 4.0, 868.0, 1000.0, 0.31490068374657415
23.0, 2.0, 839.0, 1000.0, 0.3332309271649855
23.0, 4.0, 831.0, 1000.0, 0.3305424928226161
21.0, 6.0, 905.0, 1000.0, 0.3194884047260117
12.0, 7.0, 848.0, 1000.0, 0.32711277452791865
16.0, 4.0, 857.0, 1000.0, 0.3273997247908179
22.0, 4.0, 831.0, 1000.0, 0.33657034986226003
24.0, 5.0, 874.0, 1000.0, 0.31207073973626553
14.0, 8.0, 794.0, 1000.0, 0.31952874182898455
20.0, 6.0, 868.0, 1000.0, 0.32315634635756013
11.0, 8.0, 823.0, 1000.0, 0.32455769299320447
20.0, 9.0, 867.0, 1000.0, 0.31207073973626553
22.0, 3.0, 846.0, 1000.0, 0.32872959908996224
20.0, 8.0, 875.0, 1000.0, 0.3106901690854667
26.0, 3.0, 889.0, 1000.0, 0.3224487923443671
21.0, 2.0, 881.0, 1000.0, 0.32603785103013583
23.0, 4.0, 913.0, 1000.0, 0.3207318800299911
24.0, 3.0, 891.0, 1000.0, 0.32251989040519613
32.0, 3.0, 905.0, 1000.0, 0.3202741639587604
15.0, 7.0, 806.0, 1000.0, 0.3132843557312403
19.0, 3.0, 834.0, 1000.0, 0.3332309271649855
21.0, 6.0, 873.0, 1000.0, 0.3198905209919739
22.0, 2.0, 847.0, 1000.0, 0.32872959908996224

16.0, 6.0, 827.0, 1000.0, 0.32455769299320447
20.0, 3.0, 856.0, 1000.0, 0.3223354007660112
20.0, 3.0, 821.0, 1000.0, 0.32455769299320447
32.0, 4.0, 903.0, 1000.0, 0.3147699106613173
19.0, 3.0, 839.0, 1000.0, 0.3246400601117032
26.0, 3.0, 909.0, 1000.0, 0.31757780897370624
20.0, 2.0, 845.0, 1000.0, 0.3273997247908179
21.0, 5.0, 790.0, 1000.0, 0.3209859318223715
22.0, 4.0, 910.0, 1000.0, 0.32135392836424115
12.0, 6.0, 854.0, 1000.0, 0.3273997247908179
16.0, 4.0, 838.0, 1000.0, 0.32455769299320447
26.0, 4.0, 890.0, 1000.0, 0.3167290023159103
16.0, 7.0, 819.0, 1000.0, 0.32592495172259794
16.0, 4.0, 859.0, 1000.0, 0.3223354007660112
20.0, 3.0, 823.0, 1000.0, 0.32316342220983163
31.0, 4.0, 890.0, 1000.0, 0.31490068374657415
26.0, 4.0, 899.0, 1000.0, 0.3154332306712925
27.0, 8.0, 908.0, 1000.0, 0.30856000106142123
20.0, 2.0, 840.0, 1000.0, 0.32939324659663194
31.0, 5.0, 879.0, 1000.0, 0.3147699106613173
32.0, 3.0, 912.0, 1000.0, 0.3167290023159103
15.0, 8.0, 794.0, 1000.0, 0.32592495172259794
25.0, 5.0, 886.0, 1000.0, 0.3099824831149566
24.0, 4.0, 867.0, 1000.0, 0.31952874182898455
20.0, 4.0, 920.0, 1000.0, 0.31957557812454396
25.0, 2.0, 898.0, 1000.0, 0.32316342220983163
22.0, 4.0, 912.0, 1000.0, 0.31757780897370624
25.0, 2.0, 882.0, 1000.0, 0.32455769299320447
18.0, 5.0, 822.0, 1000.0, 0.32592495172259794
16.0, 6.0, 829.0, 1000.0, 0.32316342220983163
12.0, 8.0, 828.0, 1000.0, 0.32592495172259794
25.0, 4.0, 897.0, 1000.0, 0.3157003900795965
32.0, 4.0, 907.0, 1000.0, 0.31343962984570867
16.0, 8.0, 813.0, 1000.0, 0.3252468682277554
24.0, 3.0, 889.0, 1000.0, 0.3180272653222272
32.0, 2.0, 921.0, 1000.0, 0.3194884047260117
12.0, 7.0, 836.0, 1000.0, 0.32455769299320447
26.0, 3.0, 905.0, 1000.0, 0.3176101568931892
26.0, 4.0, 855.0, 1000.0, 0.3223181257681182
23.0, 9.0, 960.0, 1000.0, 0.3106901690854667
16.0, 3.0, 854.0, 1000.0, 0.32917908450296285
19.0, 3.0, 836.0, 1000.0, 0.32734663098462086
25.0, 1.0, 892.0, 1000.0, 0.32739972479081786
32.0, 3.0, 923.0, 1000.0, 0.3154332306712925
21.0, 2.0, 929.0, 1000.0, 0.3267255535828645
19.0, 5.0, 818.0, 1000.0, 0.31542613530276165
25.0, 4.0, 946.0, 1000.0, 0.3149493803347521
19.0, 3.0, 838.0, 1000.0, 0.32563396754258567
19.0, 3.0, 831.0, 1000.0, 0.32917908450296285
12.0, 9.0, 828.0, 1000.0, 0.31800293054254103
16.0, 7.0, 827.0, 1000.0, 0.3167290023159103
25.0, 4.0, 883.0, 1000.0, 0.3172561421796807
16.0, 6.0, 851.0, 1000.0, 0.3194884047260117
18.0, 8.0, 923.0, 1000.0, 0.3154332306712925
17.0, 6.0, 799.0, 1000.0, 0.3209859318223715
20.0, 8.0, 899.0, 1000.0, 0.31380000336054925
22.0, 4.0, 806.0, 1000.0, 0.3229178247656658
