0.227272727272727	0.363636363636364	0.102766798418972	0.419979
0.363636363636364	0.181818181818182	0.16600790513834	0.598851
0.454545454545455	0.181818181818182	0.181818181818182	0.553493
0.272727272727273	0.181818181818182	0.189723320158103	0.597787
0.409090909090909	0.181818181818182	0.241106719367589	0.435314
0.227272727272727	0.272727272727273	0.110671936758893	0.410806
0.590909090909091	0.0909090909090909	0.371541501976285	0.428303
0.318181818181818	0.0909090909090909	0.229249011857708	0.665340
0.681818181818182	0	0.395256916996047	0.553493
0.5	0.181818181818182	0.292490118577075	0.370063
0.5	0.0909090909090909	0.280632411067194	0.553493
0.272727272727273	0.181818181818182	0.114624505928854	0.665340
0.590909090909091	0	0.339920948616601	0.598851
0.454545454545455	0.0909090909090909	0.256916996047431	0.556936
0.409090909090909	0.0909090909090909	0.237154150197628	0.598851
0.636363636363636	0.0909090909090909	0.276679841897233	0.553493
			
0.0909090909090909	0.727272727272727	0.280632411067194	0.470947
0.272727272727273	0.454545454545455	0.324110671936759	0.398776
0.363636363636364	0.363636363636364	0.272727272727273	0.486655
0.136363636363636	0.636363636363636	0.343873517786561	0.470947
0.272727272727273	0.272727272727273	0.320158102766798	0.560194
0.272727272727273	0.363636363636364	0.33201581027668	0.388788
0.272727272727273	0.727272727272727	0.25296442687747	0.388091
0.272727272727273	0.181818181818182	0.328063241106719	0.559205
0.227272727272727	0.363636363636364	0.217391304347826	0.560194
0.363636363636364	0.545454545454545	0.264822134387352	0.309441
0.409090909090909	0.454545454545455	0.24901185770751	0.350379
0.363636363636364	0.545454545454545	0.193675889328063	0.370776
0.363636363636364	0.454545454545455	0.256916996047431	0.470947
0.409090909090909	0.272727272727273	0.324110671936759	0.486655
			
0.5	0.0909090909090909	0.213438735177866	0.166930
0.409090909090909	0.181818181818182	0.0671936758893281	0.441378
0.227272727272727	0.363636363636364	0.0553359683794466	0.129878
0.272727272727273	0.181818181818182	0.162055335968379	0.257507
0.409090909090909	0.272727272727273	0.0671936758893281	0.129878
0.454545454545455	0.0909090909090909	0.217391304347826	0.111204
0.318181818181818	0.0909090909090909	0.316205533596838	0.094762
0.5	0.0909090909090909	0.272727272727273	0.026941
0.409090909090909	0.363636363636364	0.0513833992094862	0.108070
0.454545454545455	0.0909090909090909	0.158102766798419	0.226304
0.272727272727273	0.181818181818182	0.205533596837945	0.111204
0.272727272727273	0.272727272727273	0.110671936758893	0.108070
0.454545454545455	0.181818181818182	0.138339920948617	0.108070
0.318181818181818	0.181818181818182	0.173913043478261	0.108070
0.363636363636364	0.181818181818182	0.193675889328063	0.087634
0.272727272727273	0.363636363636364	0.0632411067193676	0.110592
			
0.272727272727273	0.636363636363636	0.339920948616601	0.422051
0.136363636363636	0.818181818181818	0.371541501976285	0.277031
0.136363636363636	0.727272727272727	0.379446640316205	0.322176
0.318181818181818	0.454545454545455	0.426877470355731	0.491096
0.409090909090909	0.545454545454545	0.339920948616601	0.405550
0.545454545454545	0.363636363636364	0.41501976284585	0.431890
0.136363636363636	0.818181818181818	0.351778656126482	0.324094
0.318181818181818	0.545454545454545	0.505928853754941	0.435666
0.5	0.363636363636364	0.438735177865613	0.471884
0.636363636363636	0.363636363636364	0.482213438735178	0.424575
0.5	0.363636363636364	0.494071146245059	0.341295
0.409090909090909	0.454545454545455	0.355731225296443	0.322176
0.545454545454545	0.272727272727273	0.339920948616601	0.537444
0.409090909090909	0.545454545454545	0.347826086956522	0.277031
0.727272727272727	0.272727272727273	0.399209486166008	0.431890
			
0.454545454545455	0.363636363636364	0.628458498023715	0.315958
0.136363636363636	0.727272727272727	0.561264822134387	0.315958
0.0909090909090909	0.909090909090909	0.474308300395257	0.329498
0.454545454545455	0.272727272727273	0.660079051383399	0.257488
0.318181818181818	0.181818181818182	0.339920948616601	0.339034
0.136363636363636	0.727272727272727	0.592885375494071	0.257488
0.136363636363636	0.818181818181818	0.49802371541502	0.301830
0.363636363636364	0.636363636363636	0.450592885375494	0.329498
			
0.0909090909090909	0.727272727272727	0.312252964426877	0.593458
0.0909090909090909	0.818181818181818	0.24901185770751	0.670396
0.227272727272727	0.636363636363636	0.221343873517787	0.417532
0.0909090909090909	1	0.241106719367589	0.496807
0.363636363636364	0.545454545454545	0.225296442687747	0.670396
0.136363636363636	0.818181818181818	0.256916996047431	0.669223
0.0909090909090909	0.818181818181818	0.264822134387352	0.577273
0.409090909090909	0.363636363636364	0.300395256916996	0.550341
0.363636363636364	0.636363636363636	0.209486166007905	0.669118
			
0.0909090909090909	1	0.300395256916996	0.481340
0.272727272727273	0.545454545454545	0.324110671936759	0.417532
0.409090909090909	0.454545454545455	0.288537549407115	0.572980
0.0909090909090909	0.909090909090909	0.308300395256917	0.499254
0.0909090909090909	0.818181818181818	0.276679841897233	0.646048
0.454545454545455	0.636363636363636	0.399209486166008	0.173701
0.0909090909090909	1	0.245059288537549	0.496807
0.318181818181818	0.545454545454545	0.355731225296443	0.282844
0.363636363636364	0.727272727272727	0.276679841897233	0.481340
			
0.318181818181818	0.818181818181818	0.241106719367589	0.144218
0.409090909090909	0.545454545454545	0.545454545454545	0.499254
0.272727272727273	0.818181818181818	0.458498023715415	0.581900
0.5	0.272727272727273	0.573122529644269	0.840310
0.363636363636364	0.727272727272727	0.387351778656126	0.496807
0.136363636363636	0.727272727272727	0.577075098814229	0.523924
0.136363636363636	0.636363636363636	0.608695652173913	0.502687
0.409090909090909	0.545454545454545	0.549407114624506	0.466227
0.227272727272727	0.545454545454545	0.596837944664032	0.806761
0.0909090909090909	0.818181818181818	0.513833992094862	0.441535
0.363636363636364	0.636363636363636	0.403162055335968	0.395341
0.681818181818182	0.181818181818182	0.624505928853755	0.887362
0.363636363636364	0.545454545454545	0.411067193675889	0.537492
0.136363636363636	0.727272727272727	0.592885375494071	0.441535
			
0.272727272727273	0.181818181818182	0.16600790513834	0.743519
0.454545454545455	0.181818181818182	0.339920948616601	0.467956
0.227272727272727	0.454545454545455	0.0909090909090909	0.507438
0.272727272727273	0.272727272727273	0.142292490118577	0.689186
0.454545454545455	0.0909090909090909	0.276679841897233	0.743519
0.272727272727273	0.272727272727273	0.189723320158103	0.554658
0.272727272727273	0.272727272727273	0.209486166007905	0.467956
0.272727272727273	0.363636363636364	0.158102766798419	0.507438
0.454545454545455	0.181818181818182	0.280632411067194	0.689186
			
0.636363636363636	0.454545454545455	0.403162055335968	0.516643
0.136363636363636	0.909090909090909	0.41501976284585	0.481340
0.318181818181818	0.545454545454545	0.387351778656126	0.712233
0.136363636363636	0.727272727272727	0.399209486166008	0.708954
0.318181818181818	0.636363636363636	0.324110671936759	0.750755
0.0909090909090909	0.545454545454545	0.537549407114625	0.702410
0.136363636363636	0.727272727272727	0.454545454545455	0.589387
0.136363636363636	0.636363636363636	0.403162055335968	0.727227
0.409090909090909	0.545454545454545	0.399209486166008	0.499254
0.136363636363636	0.727272727272727	0.371541501976285	0.735954
			
0.409090909090909	0.363636363636364	0.110671936758893	0.236092
0.318181818181818	0.454545454545455	0.268774703557312	0.385564
0.136363636363636	0.545454545454545	0.209486166007905	0.481024
0.181818181818182	0.454545454545455	0.320158102766798	0.478026
0.318181818181818	0.454545454545455	0.181818181818182	0.481024
0.454545454545455	0.181818181818182	0.280632411067194	0.385564
0.227272727272727	0.454545454545455	0.304347826086957	0.465615
0.136363636363636	0.545454545454545	0.217391304347826	0.478026
0.5	0.181818181818182	0.355731225296443	0.225843
0.363636363636364	0.363636363636364	0.292490118577075	0.478026
0.409090909090909	0.272727272727273	0.185770750988142	0.481024
0.590909090909091	0.272727272727273	0.114624505928854	0.236092
			
0.363636363636364	0.545454545454545	0.300395256916996	0.655256
0.136363636363636	0.909090909090909	0.41897233201581	0.615362
0.363636363636364	0.636363636363636	0.300395256916996	0.499254
0.136363636363636	0.909090909090909	0.537549407114625	0.529777
0.409090909090909	0.272727272727273	0.438735177865613	0.663256
0.272727272727273	0.454545454545455	0.328063241106719	0.699296
0.272727272727273	0.454545454545455	0.355731225296443	0.576197
0.272727272727273	0.363636363636364	0.363636363636364	0.562747
0.272727272727273	0.545454545454545	0.347826086956522	0.524662
			
0.0909090909090909	0.727272727272727	0.217391304347826	0.938976
0.590909090909091	0.181818181818182	0.351778656126482	0.438498
0.363636363636364	0.454545454545455	0.241106719367589	0.340775
0.636363636363636	0.0909090909090909	0.434782608695652	0.500416
0.363636363636364	0.363636363636364	0.237154150197628	0.438498
0.454545454545455	0.181818181818182	0.41501976284585	0.500416
0.318181818181818	0.181818181818182	0.367588932806324	0.585709
0.272727272727273	0.636363636363636	0.276679841897233	0.340775
0.454545454545455	0.181818181818182	0.426877470355731	0.438498
0.318181818181818	0.545454545454545	0.363636363636364	0.340775
0.318181818181818	0.545454545454545	0.33596837944664	0.426372
0.136363636363636	0.545454545454545	0.371541501976285	0.266042
0.318181818181818	0.272727272727273	0.363636363636364	0.699415
0.409090909090909	0.363636363636364	0.316205533596838	0.426372
0.636363636363636	0.0909090909090909	0.430830039525692	0.574804
0.136363636363636	0.636363636363636	0.284584980237154	0.938976
0.136363636363636	0.636363636363636	0.339920948616601	0.340775
0.5	0.0909090909090909	0.379446640316205	0.585709
0.409090909090909	0.363636363636364	0.339920948616601	0.294606
0.318181818181818	0.545454545454545	0.280632411067194	0.938976
0.590909090909091	0.181818181818182	0.363636363636364	0.352207
0.318181818181818	0.454545454545455	0.375494071146245	0.352207
0.636363636363636	0.181818181818182	0.422924901185771	0.285800
			
0.318181818181818	0.0909090909090909	0.201581027667984	0.410806
0.454545454545455	0.0909090909090909	0.102766798418972	0.199820
0.318181818181818	0.0909090909090909	0.185770750988142	0.410806
0.272727272727273	0.272727272727273	0.0158102766798419	0.000000
0.363636363636364	0.0909090909090909	0.233201581027668	0.398220
0.454545454545455	0.181818181818182	0.118577075098814	0.103801
0.272727272727273	0.181818181818182	0	0.199820
0.5	0	0.284584980237154	0.410806
0.545454545454545	0	0.304347826086957	0.398220
0.5	0	0.304347826086957	0.409959
0.318181818181818	0.0909090909090909	0.209486166007905	0.409959
			
0.136363636363636	0.818181818181818	0.549407114624506	0.248986
0.454545454545455	0.454545454545455	0.486166007905138	0.384730
0.454545454545455	0.454545454545455	0.482213438735178	0.465242
0.136363636363636	0.818181818181818	0.426877470355731	0.384730
0.636363636363636	0.181818181818182	0.494071146245059	0.692588
0.590909090909091	0.454545454545455	0.454545454545455	0.514268
0.136363636363636	0.727272727272727	0.561264822134387	0.249062
0.136363636363636	0.727272727272727	0.458498023715415	0.327375
0.0909090909090909	0.909090909090909	0.466403162055336	0.248986
0.318181818181818	0.545454545454545	0.426877470355731	0.389645
0.636363636363636	0.363636363636364	0.513833992094862	0.446074
			
0.227272727272727	0.545454545454545	0.268774703557312	0.599928
0.409090909090909	0.454545454545455	0.268774703557312	0.737131
0.590909090909091	0.272727272727273	0.320158102766798	0.757713
0.0454545454545455	0.818181818181818	0.300395256916996	0.581900
0.272727272727273	0.272727272727273	0.399209486166008	0.582245
0.272727272727273	0.272727272727273	0.379446640316205	0.599150
0.454545454545455	0.454545454545455	0.241106719367589	0.706811
0.409090909090909	0.454545454545455	0.272727272727273	0.599928
0.409090909090909	0.363636363636364	0.276679841897233	0.791697
0.590909090909091	0.272727272727273	0.308300395256917	0.791697
			
0.0909090909090909	0.818181818181818	0.276679841897233	0.326476
0.0909090909090909	0.818181818181818	0.25296442687747	0.509815
0.363636363636364	0.636363636363636	0.245059288537549	0.333762
0.272727272727273	0.727272727272727	0.328063241106719	0.410806
0.409090909090909	0.363636363636364	0.201581027667984	0.433679
0.363636363636364	0.545454545454545	0.25296442687747	0.326476
0.227272727272727	0.454545454545455	0.245059288537549	0.433679
			
0.136363636363636	0.818181818181818	0.33201581027668	0.597188
0.136363636363636	0.818181818181818	0.308300395256917	0.612288
0.136363636363636	0.545454545454545	0.324110671936759	0.868434
0.136363636363636	0.636363636363636	0.312252964426877	0.877753
0.136363636363636	0.909090909090909	0.256916996047431	0.721431
0.454545454545455	0.272727272727273	0.292490118577075	0.604108
0.181818181818182	0.909090909090909	0.276679841897233	0.703634
0.272727272727273	0.363636363636364	0.264822134387352	0.604108
0.318181818181818	0.363636363636364	0.24901185770751	0.388118
0.181818181818182	0.636363636363636	0.379446640316205	0.532230
0.181818181818182	0.545454545454545	0.363636363636364	0.708597
0.181818181818182	0.818181818181818	0.339920948616601	0.550277
			
0.636363636363636	0.363636363636364	0.462450592885376	0.499254
0.454545454545455	0.181818181818182	0.58102766798419	0.740625
0.5	0.181818181818182	0.430830039525692	0.758404
0.454545454545455	0.454545454545455	0.49802371541502	0.499254
0.409090909090909	0.454545454545455	0.399209486166008	0.655256
0.318181818181818	0.363636363636364	0.458498023715415	0.611173
0.590909090909091	0.454545454545455	0.355731225296443	0.499254
0.136363636363636	0.818181818181818	0.395256916996047	0.536954
0.636363636363636	0.363636363636364	0.494071146245059	0.441535
0.363636363636364	0.272727272727273	0.486166007905138	0.547921
0.181818181818182	0.727272727272727	0.478260869565217	0.536954
			
1	0.272727272727273	0.841897233201581	0.511463
0.181818181818182	0.545454545454545	0.450592885375494	0.900846
0.954545454545455	0.363636363636364	0.91304347826087	0.452971
0.954545454545455	0.272727272727273	0.873517786561265	0.542365
0.318181818181818	0.454545454545455	0.41501976284585	0.491096
0.136363636363636	0.636363636363636	0.391304347826087	0.888278
0.954545454545455	0.272727272727273	0.92094861660079	0.506234
0.954545454545455	0.272727272727273	1	0.500954
0.454545454545455	0.272727272727273	0.407114624505929	0.958199
0.818181818181818	0.272727272727273	0.853754940711462	0.585938
			
0.409090909090909	0.363636363636364	0.197628458498024	0.410806
0.272727272727273	0.363636363636364	0.122529644268775	0.726236
0.227272727272727	0.363636363636364	0.158102766798419	0.597006
0.454545454545455	0.272727272727273	0.304347826086957	0.466629
0.272727272727273	0.454545454545455	0.102766798418972	0.731812
0.454545454545455	0.272727272727273	0.205533596837945	0.594087
0.409090909090909	0.272727272727273	0.189723320158103	0.597006
0.454545454545455	0.272727272727273	0.126482213438735	0.632142
0.227272727272727	0.454545454545455	0.185770750988142	0.410806
0.227272727272727	0.545454545454545	0.16600790513834	0.419979
			
0.136363636363636	0.909090909090909	0.395256916996047	0.481340
0.181818181818182	0.818181818181818	0.355731225296443	0.432164
0.136363636363636	0.636363636363636	0.320158102766798	0.489712
0.227272727272727	0.454545454545455	0.25296442687747	0.413146
0.227272727272727	0.545454545454545	0.221343873517787	0.430779
0.181818181818182	0.818181818181818	0.367588932806324	0.358174
0.227272727272727	0.454545454545455	0.260869565217391	0.397739
0.409090909090909	0.363636363636364	0.312252964426877	0.395341
0.227272727272727	0.545454545454545	0.237154150197628	0.304920
0.181818181818182	0.727272727272727	0.375494071146245	0.396162
0.272727272727273	0.272727272727273	0.316205533596838	0.282283
0.0909090909090909	0.818181818181818	0.229249011857708	0.496807
			
0.318181818181818	0.0909090909090909	0.154150197628459	0.261088
0.181818181818182	0.181818181818182	0.114624505928854	0.364353
0	0.454545454545455	0.0671936758893281	0.332974
0.0909090909090909	0.363636363636364	0.173913043478261	0.316240
0.0454545454545455	0.363636363636364	0.146245059288538	0.332974
0.454545454545455	0.454545454545455	0.181818181818182	0.151476
0.272727272727273	0.545454545454545	0.237154150197628	0.151476
0.181818181818182	0.181818181818182	0.122529644268775	0.345674
0.318181818181818	0.0909090909090909	0.150197628458498	0.315346
			
0.409090909090909	0.454545454545455	0.256916996047431	0.170651
0.363636363636364	0.545454545454545	0.284584980237154	0.386787
0.0909090909090909	0.909090909090909	0.288537549407115	0.368692
0.227272727272727	0.545454545454545	0.229249011857708	0.398776
0.136363636363636	0.818181818181818	0.260869565217391	0.462659
0.272727272727273	0.454545454545455	0.347826086956522	0.699296
0.227272727272727	0.636363636363636	0.217391304347826	0.296028
0.545454545454545	0.363636363636364	0.367588932806324	0.405691
			
0.409090909090909	0.272727272727273	0.304347826086957	0.687666
0.636363636363636	0.0909090909090909	0.379446640316205	0.687666
0.636363636363636	0.181818181818182	0.363636363636364	0.506749
0.318181818181818	0.272727272727273	0.324110671936759	0.556483
0.318181818181818	0.272727272727273	0.383399209486166	0.360993
0.181818181818182	0.454545454545455	0.391304347826087	0.687666
0.181818181818182	0.545454545454545	0.403162055335968	0.521281
0.181818181818182	0.454545454545455	0.407114624505929	0.608805
0.136363636363636	0.545454545454545	0.371541501976285	0.556483
0.0909090909090909	0.636363636363636	0.264822134387352	0.665358
0.272727272727273	0.545454545454545	0.264822134387352	0.665358
0.0909090909090909	0.545454545454545	0.284584980237154	0.661096
0.454545454545455	0.181818181818182	0.359683794466403	0.687666
			
0.272727272727273	0.272727272727273	0.162055335968379	0.767907
0.454545454545455	0.272727272727273	0.185770750988142	0.299335
0.409090909090909	0.272727272727273	0.1699604743083	0.315346
0.227272727272727	0.363636363636364	0.150197628458498	0.315346
0.272727272727273	0.363636363636364	0.16600790513834	0.224680
0.454545454545455	0.0909090909090909	0.225296442687747	0.872034
0.0909090909090909	0.545454545454545	0.225296442687747	0.535642
0.272727272727273	0.272727272727273	0.177865612648221	0.561371
0.454545454545455	0.272727272727273	0.213438735177866	0.243460
0.136363636363636	0.454545454545455	0.316205533596838	0.535642
0.318181818181818	0.181818181818182	0.272727272727273	0.561371
0.5	0.0909090909090909	0.375494071146245	0.561371
0.454545454545455	0.181818181818182	0.213438735177866	0.535642
0.272727272727273	0.181818181818182	0.193675889328063	0.886833
0.5	0.272727272727273	0.260869565217391	0.224680
0.227272727272727	0.272727272727273	0.110671936758893	0.886833
0.318181818181818	0.181818181818182	0.347826086956522	0.526202
0.454545454545455	0.181818181818182	0.1699604743083	0.729873
			
1	0.272727272727273	0.889328063241107	0.549889
0.545454545454545	0.181818181818182	0.577075098814229	0.802921
0.272727272727273	0.454545454545455	0.596837944664032	0.802921
0.454545454545455	0.454545454545455	0.308300395256917	0.739946
0.318181818181818	0.363636363636364	0.359683794466403	0.980065
0.181818181818182	0.727272727272727	0.371541501976285	0.861641
0.545454545454545	0.181818181818182	0.517786561264822	0.861010
0.5	0.272727272727273	0.438735177865613	0.861010
0.227272727272727	0.545454545454545	0.494071146245059	0.737131
0.318181818181818	0.272727272727273	0.355731225296443	1.000000
0.727272727272727	0.0909090909090909	0.592885375494071	0.802921
0.681818181818182	0.181818181818182	0.446640316205534	0.861010
0.454545454545455	0.363636363636364	0.316205533596838	0.787684
0.636363636363636	0.363636363636364	0.312252964426877	0.739946
0.636363636363636	0.181818181818182	0.328063241106719	0.969206
0.318181818181818	0.363636363636364	0.363636363636364	0.867496
0.409090909090909	0.454545454545455	0.50197628458498	0.737131
			
0.409090909090909	0.363636363636364	0.407114624505929	0.507585
0.590909090909091	0.272727272727273	0.403162055335968	0.444863
0.590909090909091	0.272727272727273	0.359683794466403	0.507585
0.590909090909091	0.272727272727273	0.375494071146245	0.469109
0.681818181818182	0.272727272727273	0.513833992094862	0.245533
0.636363636363636	0.272727272727273	0.454545454545455	0.348612
0.636363636363636	0.272727272727273	0.509881422924901	0.257488
0.318181818181818	0.272727272727273	0.450592885375494	0.694220
0.5	0.272727272727273	0.426877470355731	0.362195
0.363636363636364	0.454545454545455	0.308300395256917	0.507585
0.5	0.181818181818182	0.426877470355731	0.540664
			
0.318181818181818	0.181818181818182	0.351778656126482	0.196074
0.272727272727273	0.272727272727273	0.209486166007905	0.354424
0.227272727272727	0.272727272727273	0.0276679841897233	0.540969
0.363636363636364	0	0.268774703557312	0.383494
0.318181818181818	0.181818181818182	0.33596837944664	0.234692
0.272727272727273	0.272727272727273	0.237154150197628	0.244028
0.318181818181818	0.181818181818182	0.312252964426877	0.252326
0.227272727272727	0.181818181818182	0.0592885375494071	0.572934
0.227272727272727	0.272727272727273	0.0395256916996047	0.522518
0.318181818181818	0.181818181818182	0.25296442687747	0.345588
0.5	0.0909090909090909	0.284584980237154	0.361606
0.409090909090909	0.272727272727273	0.130434782608696	0.313646
0.318181818181818	0.181818181818182	0.221343873517787	0.434348
0.454545454545455	0.181818181818182	0.075098814229249	0.509614
0.227272727272727	0.363636363636364	0.110671936758893	0.354424
			
0.136363636363636	0.727272727272727	0.41501976284585	0.269431
0.136363636363636	0.727272727272727	0.438735177865613	0.250904
0.136363636363636	0.545454545454545	0.395256916996047	0.288431
0.0909090909090909	0.909090909090909	0.304347826086957	0.329498
0.136363636363636	0.727272727272727	0.363636363636364	0.333762
0.590909090909091	0.363636363636364	0.339920948616601	0.309441
0.136363636363636	0.636363636363636	0.288537549407115	0.549268
0.272727272727273	0.545454545454545	0.324110671936759	0.258087
0.136363636363636	0.545454545454545	0.351778656126482	0.486655

