0.0909090909090909	0.9	0.513012541006215	0.349809885931559	0.431244622857054
0.590909090909091	0.3	0.644529484862178	0.494296577946768	0.387012338714598
0.363636363636364	0.6	0.593217836162933	0.338403041825095	0.403572029732778
0.363636363636364	0.5	0.53364534245691	0.368821292775665	0.354022464509401
0.272727272727273	0.5	0.267535988638564	0.376425855513308	0.44275554964787
0.363636363636364	0.6	0.586042702214189	0.296577946768061	0.431244622857054
0.363636363636364	0.7	0.532806145503841	0.285171102661597	0.265535741216915
0.272727272727273	0.4	0.20747571170357	0.380228136882129	0.427114954468565
0.454545454545455	0.3	0.314970362297653	0.395437262357414	0.458301786413551
0.227272727272727	0.6	0.268826253953908	0.281368821292776	0.44275554964787
0.0909090909090909	1	0.512812278096959	0.346007604562738	0.517159381924963
0.0909090909090909	0.9	0.513012541006215	0.35361216730038	0.403572029732778
0.409090909090909	0.4	0.534274740171712	0.47148288973384	0.349215384688131
0.545454545454545	0.4	0.643648328061455	0.391634980988593	0.387012338714598
0.409090909090909	0.4	0.488580466077077	0.456273764258555	0.354022464509401
0.0909090909090909	0.9	0.499559164852319	0.326996197718631	0.574713618938678
0.409090909090909	0.4	0.537909511974695	0.425855513307985	0.387012338714598
0.0909090909090909	0.9	0.50583740705747	0.296577946768061	0.550168968308486
				
0.0909090909090909	1	0.558506552191595	0.509505703422053	0.346817207057221
0.318181818181818	0.3	0.366965092634433	0.585551330798479	0.503333635800125
0.590909090909091	0.5	0.74512297463043	0.52851711026616	0.346817207057221
0.318181818181818	0.8	0.691120650700406	0.539923954372624	0.346817207057221
0.227272727272727	0.7	0.315050271125169	0.433460076045627	0.354529742056739
0.318181818181818	0.7	0.587658156348848	0.749049429657795	0.330322038817315
				
0.318181818181818	0.7	0.574694984184365	0.403041825095057	0.544611665447264
0.318181818181818	0.6	0.575062132851333	0.4106463878327	0.565965115830673
0.181818181818182	0.7	0.476962833258021	0.547528517110266	0.381695057633676
0.136363636363636	0.8	0.49509715318572	0.429657794676806	0.544611665447264
0.454545454545455	0.3	0.560268865793041	0.543726235741445	0.512811844775669
0.681818181818182	0.1	0.774104888227319	0.634980988593156	0.767821509508516
0.181818181818182	0.6	0.420281558172297	0.517110266159696	0.552883201023502
0.272727272727273	0.8	0.574401265250791	0.307984790874525	0.544611665447264
0.681818181818182	0	0.778510672230935	0.642585551330799	0.82174158582754
0.318181818181818	0.7	0.513546575430895	0.35361216730038	0.567855009840864
0.409090909090909	0.5	0.549099477115744	0.414448669201521	0.544611665447264
0.5	0.2	0.692597884160442	0.524714828897338	0.833016893058509
0.363636363636364	0.2	0.369938996836873	0.501901140684411	0.873016693281676
0.681818181818182	0.1	0.774104888227319	0.638783269961977	0.725567701587272
				
0.590909090909091	0.6	0.831130172358143	0.365019011406844	0.918083035608735
0.318181818181818	0.9	0.6908803352093	0.543726235741445	0.519304545090151
0.181818181818182	0.9	0.71731503923099	0.486692015209125	0.831086706614545
0.636363636363636	0.5	0.858036924665935	0.482889733840304	0.642584921343487
0.136363636363636	1	0.644985798205409	0.463878326996198	0.590784123831664
0.409090909090909	0.7	0.725024207604415	0.44106463878327	0.657299804446351
0.181818181818182	0.9	0.671620765136355	0.539923954372624	0.642584921343487
0.181818181818182	1	0.593532535020334	0.532319391634981	0.683674616177949
0.590909090909091	0.6	0.823955038409399	0.429657794676806	0.683560588810339
0.5	0.6	0.533173294170809	0.437262357414449	0.665716121776207
0.409090909090909	0.7	0.725024207604415	0.444866920152091	0.654252846226732
0.681818181818182	0.5	0.884471628687625	0.490494296577947	0.619543800656697
				
0.318181818181818	0.9	0.645186061114665	0.403041825095057	0.543724010882289
0.454545454545455	0.5	0.468958066733245	0.566539923954373	0.567208983568831
0.5	0.4	0.428535924084952	0.444866920152091	0.641379033715326
0.636363636363636	0.4	0.752927506293977	0.494296577946768	0.578577092274518
0.272727272727273	1	0.618551094183719	0.307984790874525	0.543724010882289
0.590909090909091	0.6	0.725391356271383	0.380228136882129	0.543724010882289
0.136363636363636	0.9	0.47940270303578	0.403041825095057	0.550818384751709
0.136363636363636	1	0.539246982118649	0.437262357414449	0.543724010882289
				
0.181818181818182	0.8	0.420495368278355	0.532319391634981	0.54119057392863
0.136363636363636	0.9	0.445037587807583	0.479087452471483	0.521837783802506
0.181818181818182	0.6	0.419504066877542	0.505703422053232	0.576684286134274
0.181818181818182	0.6	0.421156235878897	0.524714828897338	0.495682752101535
0.409090909090909	0.6	0.348130366018979	0.247148288973384	0.489650521780494
0.409090909090909	0.7	0.346000903750565	0.231939163498099	0.493479690265145
0.318181818181818	0.3	0.236443741527338	0.494296577946768	0.622554526555643
0.227272727272727	0.6	0.177704274208554	0.326996197718631	0.647439082976072
0.227272727272727	0.7	0.234093990058744	0.288973384030418	0.664331768990665
0.181818181818182	0.8	0.414955742803222	0.555133079847909	0.567208983568831
0.318181818181818	0.4	0.230120145663326	0.509505703422053	0.647439082976072
0.272727272727273	0.5	0.208498482990123	0.384030418250951	0.618151139717095
0.318181818181818	0.4	0.23391041572526	0.467680608365019	0.618151139717095
0.454545454545455	0.3	0.474356077722548	0.482889733840304	0.576684286134274
0.272727272727273	0.6	0.265301626751017	0.342205323193916	0.63528748674508
				
0.454545454545455	0.4	0.449683687302304	0.304182509505703	0.549340249570779
0.272727272727273	0.4	0.343944871215544	0.346007604562738	0.655202391839518
0.409090909090909	0.5	0.422619585565812	0.216730038022814	0.608995984196651
0.409090909090909	0.6	0.422147537279711	0.216730038022814	0.535710768425417
0.272727272727273	0.4	0.285127654767284	0.368821292775665	0.560082729979646
0.636363636363636	0.4	0.515015170098767	0.908745247148289	0.355683560621034
0.818181818181818	0.3	0.53339358337099	0.866920152091255	0.33901949626987
0.454545454545455	0.4	0.389214301852688	0.315589353612167	0.560082729979646
0.772727272727273	0.4	0.594319282163837	0.756653992395437	0.355683560621034
0.227272727272727	0.6	0.316408721192951	0.250950570342205	0.608995984196651
0.818181818181818	0.3	0.61269769543606	0.859315589353612	0.383744533461037
				
0.363636363636364	0.8	0.717555354722096	0.566539923954373	0.258120568298806
0.5	0.4	0.377177070557098	0.387832699619772	0.374364350540596
0.181818181818182	0.9	0.61157622314423	0.600760456273764	0.258120568298806
0.318181818181818	0.9	0.6908803352093	0.482889733840304	0.258120568298806
0.318181818181818	0.5	0.401094183719579	0.365019011406844	0.446708042524058
0.136363636363636	0.9	0.525993868874009	0.536121673003802	0.418659906133635
0.318181818181818	0.9	0.61841814653808	0.566539923954373	0.299750407929508
0.5	0.4	0.304953682783552	0.47148288973384	0.448231987965672
0.363636363636364	0.8	0.658407704473565	0.517110266159696	0.31223022238227
				
0.136363636363636	0.9	0.539447245027905	0.577946768060836	0.415046549282677
0.136363636363636	0.6	0.498808178942612	0.612167300380228	0.512811844775669
0.0909090909090909	1	0.512812278096959	0.498098859315589	0.415046549282677
0.0909090909090909	1	0.552228309986443	0.456273764258555	0.465799486615886
0.0909090909090909	0.9	0.552428572895699	0.463878326996198	0.458031179157037
0.136363636363636	0.8	0.577451423407139	0.539923954372624	0.458031179157037
0.136363636363636	0.8	0.579103592408495	0.55893536121673	0.457318143689541
0.409090909090909	0.3	0.57620743733553	0.55893536121673	0.659775258677553
0.409090909090909	0.6	0.593217836162933	0.555133079847909	0.415046549282677
				
0.272727272727273	0.5	0.279541750048415	0.330798479087452	0.37636806111336
0.227272727272727	0.4	0.708082919114324	0.52851711026616	0.709258630597975
0.227272727272727	0.5	0.650891029706053	0.498098859315589	0.726306281475588
0.5	0.1	0.413446113872571	0.311787072243346	0.639270083245806
0.5	0.2	0.52193854496159	0.429657794676806	0.417992120090382
0.318181818181818	0.3	0.362008585630366	0.429657794676806	0.285272123438975
0.227272727272727	0.5	0.707453521399522	0.524714828897338	0.634597301421802
0.318181818181818	0.3	0.41322582467239	0.406844106463878	0.300725633711609
0.454545454545455	0.4	0.309424257728396	0.35361216730038	0.483950615157408
0.227272727272727	0.5	0.649336047116542	0.482889733840304	0.818577372873746
0.318181818181818	0.2	0.305504405784003	0.288973384030418	0.639270083245806
				
0.409090909090909	0.5	0.553801804273449	0.330798479087452	0.170248246820893
0.363636363636364	0.6	0.527886353366471	0.26615969581749	0.699044792707213
0.318181818181818	0.6	0.510373361952101	0.463878326996198	0.815628540566162
0.363636363636364	0.5	0.535155896972436	0.250950570342205	0.71671379762781
0.363636363636364	0.5	0.528358401652572	0.273764258555133	0.741972436063921
0.136363636363636	0.8	0.45144600090375	0.403041825095057	0.577369053041131
0.363636363636364	0.5	0.443106481182622	0.285171102661597	0.651907433785085
0.363636363636364	0.6	0.538460234975147	0.26615969581749	0.522044489852938
0.272727272727273	0.7	0.480267171260732	0.342205323193916	0.815628540566162
0.318181818181818	0.5	0.314237299076883	0.501901140684411	0.484684510404944
0.409090909090909	0.5	0.53364534245691	0.391634980988593	0.577369053041131
0.363636363636364	0.7	0.527519204699503	0.273764258555133	0.540204009572788
0.363636363636364	0.4	0.44538804789878	0.311787072243346	0.665126525602803
0.545454545454545	0.3	0.552008020786263	0.307984790874525	0.815628540566162
0.0909090909090909	0.8	0.423248983280614	0.311787072243346	0.741972436063921
0.5	0.4	0.345188857287153	0.551330798479088	0.587950142937901
0.0909090909090909	0.8	0.425011296882061	0.319391634980989	0.710669571596617
0.136363636363636	0.8	0.403973678264799	0.475285171102662	0.650624583912266
				
0.454545454545455	0.9	0.679899765846445	0.828897338403042	0.584771555505588
0.454545454545455	0.8	0.686240397650248	0.828897338403042	0.767492417678334
0.590909090909091	0.9	0.759203877911515	0.802281368821293	0.543724010882289
0.909090909090909	0.5	0.839881221354335	0.771863117870722	0.584771555505588
0.5	0.7	0.706868504292815	0.954372623574145	0.595439071846455
0.454545454545455	0.7	0.624949970950874	0.813688212927757	0.926304485267581
0.636363636363636	0.5	0.731527983990704	0.787072243346008	0.931565439517551
0.636363636363636	0.5	0.461516364340585	0.901140684410646	0.54677204115789
0.363636363636364	0.5	0.399709508747014	0.88212927756654	1
0.454545454545455	0.8	0.592556968562391	0.859315589353612	0.529938707321774
0.727272727272727	0.7	0.698589503582725	0.756653992395437	0.451119714766229
0.454545454545455	0.9	0.618751357092975	0.806083650190114	0.615285535251008
				
0.136363636363636	0.8	0.539687560519011	0.444866920152091	0.544611665447264
0.136363636363636	0.7	0.495390872119295	0.44106463878327	0.565965115830673
0.227272727272727	0.8	0.592556968562391	0.562737642585551	0.379459681586
0.136363636363636	0.9	0.486577836984525	0.452471482889734	0.415046549282677
0.227272727272727	0.6	0.268826253953908	0.281368821292776	0.499341515747745
0.136363636363636	0.8	0.539687560519011	0.460076045627376	0.431244622857054
0.409090909090909	0.3	0.63913239945775	0.596958174904943	0.939103763371665
0.181818181818182	0.7	0.47365849525531	0.539923954372624	0.418659906133635
0.318181818181818	0.4	0.322797107998192	0.486692015209125	0.499341515747745
0.227272727272727	0.4	0.532512426570267	0.539923954372624	0.939103763371665
0.409090909090909	0.5	0.620124588470725	0.422053231939163	0.544611665447264
0.136363636363636	0.7	0.487111871409205	0.391634980988593	0.708073797263221
0.136363636363636	0.9	0.539447245027905	0.444866920152091	0.415046549282677
				
0.409090909090909	0.7	0.500093199277	0.300380228136882	0.289386824560093
0.136363636363636	0.8	0.532512426570266	0.479087452471483	0.687045660427115
0.136363636363636	0.8	0.539687560519011	0.448669201520913	0.657725045609859
0.590909090909091	0.4	0.63648892905558	0.307984790874525	0.754221750822148
0.590909090909091	0.6	0.635387483054677	0.300380228136882	0.556831169107933
0.0454545454545455	1	0.241290103931315	0.296577946768061	0.63528748674508
0.181818181818182	0.8	0.502553095345684	0.456273764258555	0.617768978991365
0.136363636363636	0.8	0.208143058398235	0.517110266159696	0.672146877881056
0.136363636363636	0.8	0.479643018526886	0.403041825095057	0.703937300928846
0.363636363636364	0.4	0.501561793944871	0.399239543726236	0.698309390237309
0.454545454545455	0.4	0.318754153265463	0.406844106463878	0.710192743677953
0.545454545454545	0.3	0.618094780840488	0.399239543726236	0.76007839747364
0.590909090909091	0.5	0.635859531340778	0.307984790874525	0.550818384751709
0.545454545454545	0.3	0.608181766832354	0.395437262357414	0.825009420928472
0.0454545454545455	0.9	0.24149036684057	0.304182509505703	0.638999007341969
0.363636363636364	0.5	0.500932396230069	0.315589353612167	0.482003003955348
				
0.5	0.2	0.442245687249143	0.384030418250951	0.441134359224186
0.227272727272727	0.4	0.170944419340262	0.228136882129278	0.640944777260511
0.454545454545455	0.3	0.310305414529119	0.368821292775665	0.364508176315983
0.227272727272727	0.5	0.178759440965722	0.262357414448669	0.334704507194797
0.318181818181818	0.2	0.338061853751894	0.376425855513308	0.485907085804727
0.272727272727273	0.4	0.204171373700858	0.342205323193916	0.334704507194797
0.272727272727273	0.3	0.218820605512878	0.254752851711027	0.524855051058635
0.272727272727273	0.2	0.196644826028016	0.338403041825095	0.558560688317875
0.454545454545455	0.1	0.306055128784455	0.349809885931559	0.625646197579953
0.272727272727273	0.3	0.192385901491188	0.307984790874525	0.571556383891157
0.272727272727273	0.3	0.195323090826932	0.349809885931559	0.399670473229268
0.454545454545455	0.2	0.325881156800723	0.29277566539924	0.463719997946035
0.545454545454545	0.2	0.470235373860344	0.395437262357414	0.423240920623607
0.454545454545455	0.2	0.324412562132851	0.281368821292776	0.524855051058635
				
0.545454545454545	0.2	0.572864224768081	0.448669201520913	0.598757916888902
0.545454545454545	0.3	0.677022141888838	0.380228136882129	0.462559114619717
0.318181818181818	0.2	0.417365965816964	0.387832699619772	0.751258309550135
0.272727272727273	0.3	0.389609526594189	0.311787072243346	0.61139628078511
0.5	0.1	0.60305680338109	0.372623574144487	0.626585757347485
0.363636363636364	0.6	0.732833058664044	0.372623574144487	0.480982411182082
0.454545454545455	0.2	0.575974189947104	0.307984790874525	0.671782235623763
0.454545454545455	0.2	0.574419207357593	0.296577946768061	0.76644778611251
0.272727272727273	0.3	0.467358656069748	0.277566539923954	0.76644778611251
0.590909090909091	0.3	0.76125036548736	0.342205323193916	0.503145775224606
0.409090909090909	0.4	0.653075410010367	0.32319391634981	0.503145775224606
0.227272727272727	0.3	0.306936285585178	0.361216730038023	0.501881619823421
0.590909090909091	0.3	0.703456845910528	0.387832699619772	0.446598341431148
0.181818181818182	0.7	0.626727093910316	0.361216730038023	0.439296114634966
0.272727272727273	0.5	0.465848101554223	0.269961977186312	0.613618428403579
0.272727272727273	0.4	0.466477499269025	0.277566539923954	0.601962588062457
0.136363636363636	0.7	0.597182424709604	0.330798479087452	0.463153135027972
0.272727272727273	0.4	0.464922516679514	0.258555133079848	0.771715881047542
0.318181818181818	0.3	0.416044230615879	0.319391634980989	0.599043954367299
0.272727272727273	0.4	0.468032481858536	0.307984790874525	0.521065743618706
				
0.318181818181818	0.7	0.645720095539345	0.422053231939163	0.691107158002244
0.727272727272727	0.1	0.932227180298237	0.661596958174905	0.758732446388874
0.318181818181818	0.6	0.691781518300949	0.448669201520913	0.706622711275239
0.181818181818182	0.7	0.521825576140985	0.520912547528517	0.804681366222623
0.227272727272727	0.8	0.592556968562391	0.642585551330799	0.584771555505588
0.318181818181818	0.8	0.684842408495255	0.384030418250951	0.755455343753068
0.181818181818182	0.9	0.565881949049595	0.539923954372624	0.584771555505588
0.318181818181818	0.8	0.684842408495255	0.456273764258555	0.63600142592225
0.181818181818182	0.9	0.565881949049595	0.547528517110266	0.54372401088229
0.272727272727273	0.8	0.618991672584081	0.653992395437262	0.55976598747132
0.181818181818182	0.8	0.566122264540701	0.555133079847909	0.59664837648768
0.272727272727273	0.9	0.66444563118761	0.346007604562738	0.558904878137309
0.318181818181818	0.6	0.619319329629728	0.532319391634981	0.746797655085189
0.590909090909091	0.4	0.699724887695702	0.501901140684411	0.731978892146449
0.590909090909091	0.4	0.726492802272287	0.399239543726236	0.691107158002244
0.681818181818182	0.2	0.87715488025305	0.570342205323194	0.704223270685255
0.363636363636364	0.6	0.554321057388161	0.570342205323194	0.8457478099229
0.318181818181818	0.8	0.618658462029186	0.517110266159696	0.647702299139201
0.772727272727273	0.1	0.958661884319927	0.669201520912548	0.726584529189177
0.318181818181818	0.8	0.691120650700406	0.429657794676806	0.606254202634
0.272727272727273	0.9	0.66444563118761	0.349809885931559	0.556887769455437
0.136363636363636	0.9	0.58514151912254	0.467680608365019	0.606254202634
0.590909090909091	0.5	0.77155767865212	0.4106463878327	0.606254202634
				
0.318181818181818	0.5	0.31335614227616	0.403041825095057	0.489650521780494
0.545454545454545	0.6	0.629329530049706	0.254752851711027	0.595945508477558
0.318181818181818	0.4	0.309910189787618	0.47148288973384	0.475584699298625
0.0909090909090909	0.9	0.556944501499404	0.285171102661597	0.57603279001521
0.227272727272727	0.6	0.261776999548125	0.243346007604563	0.638999007341969
0.545454545454545	0.4	0.607300610031631	0.307984790874525	0.834134475823281
0.318181818181818	0.5	0.309280792072816	0.463878326996198	0.374775954811411
0.545454545454545	0.3	0.606529597830999	0.315589353612167	0.604665076143487
0.272727272727273	0.9	0.555182187897958	0.239543726235741	0.571153288154412
0.318181818181818	0.4	0.309910189787618	0.448669201520913	0.556586233331366
0.545454545454545	0.4	0.531786768028495	0.342205323193916	0.492940682747554
0.363636363636364	0.5	0.421628284164999	0.319391634980989	0.450422626899792
0.454545454545455	0.4	0.342182557614098	0.334600760456274	0.556586233331366
0.318181818181818	0.5	0.307628623071461	0.425855513307985	0.515127003029109
0.318181818181818	0.4	0.262878445549028	0.460076045627376	0.556586233331366
0.363636363636364	0.5	0.425418554226932	0.273764258555133	0.492940682747554
0.0909090909090909	1	0.449243108901943	0.273764258555133	0.571153288154412
0.5	0.3	0.29261748757343	0.490494296577947	0.660474331587264
0.5	0.3	0.369498418436511	0.425855513307985	0.5253476781989
				
0.863636363636364	0.6	0.817676796204247	0.733840304182509	0.310405281716893
0.409090909090909	0.5	0.558317732877154	0.368821292775665	0.591309264970306
0.590909090909091	0.6	0.661822187076367	0.307984790874525	0.556831169107933
0.454545454545455	0.5	0.276237412045704	0.338403041825095	0.370657961816253
0.636363636363636	0.3	0.69200180750113	0.444866920152091	0.478393362626484
0.409090909090909	0.7	0.557478535924085	0.35361216730038	0.556831169107933
0.5	0.4	0.288431992769995	0.551330798479088	0.572377405873615
0.409090909090909	0.5	0.476732979680801	0.365019011406844	0.62138291199455
0.409090909090909	0.6	0.474705948805188	0.338403041825095	0.628942398090496
0.454545454545455	0.5	0.58651475050029	0.486692015209125	0.351754456308513
0.636363636363636	0.3	0.606529597830999	0.475285171102662	0.463768383790453
0.5	0.3	0.289313149570718	0.55893536121673	0.565840678002914
0.636363636363636	0.4	0.647188690207217	0.44106463878327	0.351754456308513
0.636363636363636	0.4	0.620420775630632	0.536121673003802	0.422300852753829
0.318181818181818	0.6	0.238866922729327	0.456273764258555	0.520069403086581
0.318181818181818	0.5	0.239338971015428	0.498098859315589	0.515127003029109
0.363636363636364	0.8	0.53075011296882	0.258555133079848	0.556831169107933
0.409090909090909	0.4	0.473474920921825	0.399239543726236	0.576684286134274
				
0.409090909090909	0.5	0.245040573843636	0.311787072243346	0.43275900618422
0.272727272727273	0.6	0.210963624039765	0.32319391634981	0.446433218776726
0.454545454545455	0.3	0.27143084979134	0.406844106463878	0.480716474179631
0.454545454545455	0.4	0.268994710401106	0.361216730038023	0.43275900618422
0.318181818181818	0.4	0.279388541394154	0.494296577946768	0.489275913351252
0.545454545454545	0.3	0.313415379708141	0.566539923954373	0.412987861270091
0.318181818181818	0.5	0.264011361435672	0.357414448669202	0.237803452694742
0.454545454545455	0.4	0.251889901916483	0.414448669201521	0.405449486419794
0.318181818181818	0.6	0.261776999548125	0.338403041825095	0.200934145739436
0.272727272727273	0.7	0.160232317056963	0.35361216730038	0.343581320428197
0.5	0.4	0.298539379601818	0.406844106463878	0.307160816095926
0.454545454545455	0.5	0.341553159899296	0.281368821292776	0.270765916680788
0.272727272727273	0.5	0.228324511006391	0.361216730038023	0.339287633734942
0.272727272727273	0.6	0.226200293718933	0.342205323193916	0.297046044031925
0.272727272727273	0.6	0.160599465723931	0.361216730038023	0.385293249061131
				
0.318181818181818	0.2	0.302297254193137	0.231939163498099	0.367550945921707
0.272727272727273	0.4	0.192973339358337	0.228136882129278	0.42504420796174
0.318181818181818	0.2	0.220142340713963	0.4106463878327	0.428891158030788
0.272727272727273	0.2	0.272752584992424	0.201520912547528	0.431300735042923
0.5	0.2	0.411243221870764	0.254752851711027	0.353271803697678
0.318181818181818	0.1	0.302945163605433	0.315589353612167	0.417727799531297
0.227272727272727	0.6	0.163968594667872	0.136882129277567	0.565840678002914
0.454545454545455	0.1	0.379139310491481	0.212927756653992	0.463719997946035
0.409090909090909	0.2	0.352056697057494	0.125475285171103	0.463719997946035
0.5	0.1	0.408683979692193	0.258555133079848	0.367550945921707
0.318181818181818	0.4	0.220876638047899	0.338403041825095	0.385606522646656
0.227272727272727	0.3	0.243441163180139	0.091254752851711	0.463719997946035
0.318181818181818	0.3	0.221757794848622	0.32319391634981	0.324783642636883
				
0.136363636363636	0.9	0.645186061114665	0.425855513307985	0.590853671201169
0.0909090909090909	0.9	0.371901573347574	0.380228136882129	0.61108109702989
0.363636363636364	0.7	0.653999096249435	0.307984790874525	0.590853671201169
0.0909090909090909	0.8	0.618991672584081	0.361216730038023	0.747228922391377
0.545454545454545	0.5	0.79799238267381	0.300380228136882	0.787524545416382
0.0909090909090909	0.9	0.618751357092975	0.338403041825095	0.69186397362164
0.0909090909090909	1	0.618551094183719	0.35361216730038	0.557607780197871
0.0909090909090909	0.9	0.574160949759684	0.365019011406844	0.69186397362164
0.227272727272727	0.7	0.354938351300755	0.254752851711027	0.61108109702989
				
0.272727272727273	0.4	0.19591052869408	0.277566539923954	0.338296386973888
0.318181818181818	0.2	0.224548124717578	0.456273764258555	0.375102919513599
0.227272727272727	0.6	0.166819396081975	0.254752851711027	0.365408515394878
0.227272727272727	0.5	0.170498595958944	0.201520912547528	0.334977165317117
0.272727272727273	0.3	0.196791685494803	0.285171102661597	0.25408529149399
0.318181818181818	0.4	0.304953682783552	0.4106463878327	0.234561865769517
0.5	0.2	0.33339690598336	0.391634980988593	0.562004740627447
				
0.181818181818182	0.5	0.0807307468852881	0.091254752851711	0.428755285682875
0.181818181818182	0.3	0.0924441696197113	0.26615969581749	0.354141005303995
0.227272727272727	0.5	0.193628961977923	0.342205323193916	0.21235602197791
0	0.5	0.0505859089658171	0.152091254752852	0.497477995813082
0.181818181818182	0.4	0.0945774966109351	0.243346007604563	0.400768186756362
0.181818181818182	0.4	0.0813601446000901	0.0988593155893536	0.423127735147635
0.181818181818182	0.4	0.0776500107023092	0.129277566539924	0.483950615157408
0.227272727272727	0.6	0.193156913691821	0.35361216730038	0.21235602197791
0.181818181818182	0.3	0.0785311675030323	0.129277566539924	0.423127735147635
0.181818181818182	0.2	0.0798529027041167	0.125475285171103	0.497477995813082
0	0.6	0.0501138606797155	0.14828897338403	0.342230890703884
				
0.772727272727273	0.5	0.646559292492415	0.866920152091255	0.525237825391365
0.545454545454545	0.6	0.751826060293073	1	0.535550591110871
0.454545454545455	0.9	0.812073285954895	0.825095057034221	0.620464902461491
0.545454545454545	0.7	0.812607320379575	0.96958174904943	0.587543209079817
0.954545454545455	0.4	0.972684139177587	0.809885931558935	0.587543209079817
0.409090909090909	0.9	0.785638581933205	0.718631178707224	0.816218268763398
0.5	0.8	0.698295784649151	0.96958174904943	0.61558114310422
1	0.3	1	0.91254752851711	0.482571360646537
0.727272727272727	0.4	0.805796914337357	0.832699619771863	0.758542186139048
0.954545454545455	0.4	0.866945323090827	0.889733840304182	0.519304545090151
0.954545454545455	0.5	0.972054741462785	0.806083650190114	0.678551113477987
0.5	0.8	0.706574785359241	0.950570342205323	0.560624327450115
0.727272727272727	0.6	0.646087244206313	0.749049429657795	0.525237825391365
0.954545454545455	0.4	0.972684139177587	0.920152091254753	0.428529647423832
0.954545454545455	0.4	0.911535730424117	0.840304182509506	0.535550591110871
0.454545454545455	0.6	0.436246046091279	0.422053231939163	0.689834475858535
				
0.0454545454545455	0.7	0.184702832544534	0.372623574144487	0.340395465465798
0.136363636363636	0.2	0.00132173520108443	0.0418250950570342	0.342230890703884
0.181818181818182	0.2	0.0262878445549027	0	0.415008320212843
0.136363636363636	0.3	0	0.0570342205323194	0.403053770713656
0.181818181818182	0.2	0.0306936285585177	0.0608365019011407	0.0651955780816538
0.181818181818182	0.4	0.0270221418888386	0.0494296577946768	0.299950857474913
0.0454545454545455	0.8	0.183017813399291	0.357414448669202	0.300785447245162
0.181818181818182	0.3	0.0279032986895617	0.026615969581749	0.239793884509734
0.181818181818182	0.2	0.0321622232263894	0.0722433460076046	0
0.136363636363636	0.3	0	0.0494296577946768	0.403053770713657
0.0454545454545455	0.7	0.190036150022594	0.334600760456274	0.342615963509754
				
0.136363636363636	0.9	0.443385418806228	0.326996197718631	0.652075506171837
0.5	0.2	0.398025869859919	0.437262357414449	0.681379876941677
0.318181818181818	0.2	0.190338507748332	0.562737642585551	0.736026207394739
0.136363636363636	0.6	0.574224834533904	0.429657794676806	0.836792934340434
0.181818181818182	0.6	0.472373474920922	0.47148288973384	0.74358156194475
0.5	0.2	0.296077323835092	0.543726235741445	0.735766208123951
0.454545454545455	0.3	0.614460009037505	0.517110266159696	0.646401592329778
0.318181818181818	0.7	0.455484636240398	0.452471482889734	0.640554663953634
0.318181818181818	0.7	0.449459078706042	0.406844106463878	0.726629442752045
0.136363636363636	1	0.443185155896972	0.326996197718631	0.509184674137843
0.590909090909091	0.3	0.693764121102576	0.380228136882129	0.646401592329778
0.181818181818182	0.9	0.475878075832888	0.380228136882129	0.539713861748271
0.318181818181818	0.1	0.192541399750139	0.570342205323194	0.782026695287562
0.136363636363636	0.9	0.447681058209752	0.35361216730038	0.561530583162671
0.363636363636364	0.7	0.716086760054225	0.23574144486692	0.784755119877915
0.136363636363636	0.9	0.438040166154783	0.349809885931559	0.714310630213729
0.545454545454545	0.6	0.820430411206507	0.193916349809886	0.784755119877915
0.136363636363636	0.8	0.443625734297334	0.334600760456274	0.7053892490041
				
0.5	0.4	0.349562245820153	0.642585551330799	0.535327143188127
0.681818181818182	0.1	0.694314844103027	0.657794676806084	0.683674616177949
0.636363636363636	0.2	0.66567724807953	0.555133079847909	0.683674616177949
0.227272727272727	0.6	0.194809082693177	0.300380228136882	0.350617760496422
0.454545454545455	0.5	0.403454425150087	0.574144486692015	0.473211866268213
0.5	0.3	0.347624996677387	0.775665399239544	0.555112764045825
0.454545454545455	0.5	0.281193919049771	0.422053231939163	0.625872927668804
0.318181818181818	0.5	0.239338971015428	0.44106463878327	0.580052180379296
0.454545454545455	0.3	0.558616696791685	0.47148288973384	0.683674616177949
0.318181818181818	0.5	0.318124755550661	0.745247148288973	0.501272839108218
0.5	0.4	0.425562019882512	0.612167300380228	0.580052180379296
0.272727272727273	0.7	0.174615906009941	0.433460076045627	0.625872927668804
0.5	0.3	0.353844927035432	0.703422053231939	0.547088469250717
				
0.454545454545455	0.4	0.552779032986896	0.391634980988593	0.351148810543678
0.136363636363636	0.7	0.379484862178039	0.361216730038023	0.590699319085813
0.318181818181818	0.1	0.494208022115308	0.361216730038023	0.627671118507449
0.227272727272727	0.7	0.496788861274288	0.47148288973384	0.460162663285458
0.272727272727273	0.4	0.229688206055129	0.247148288973384	0.561225939029371
0.272727272727273	0.3	0.199901650673826	0.285171102661597	0.622554526555643
0.272727272727273	0.5	0.193812536311407	0.304182509505703	0.504240086130747
0.272727272727273	0.4	0.200316312697695	0.277566539923954	0.531803042974848
0.181818181818182	0.5	0.406758763152798	0.452471482889734	0.569449607654127
0.272727272727273	0.5	0.198391096158301	0.277566539923954	0.477449532414409
0.136363636363636	0.6	0.376914821509263	0.32319391634981	0.765283855961147
0.454545454545455	0.3	0.302530501581563	0.254752851711027	0.710192743677953
0.181818181818182	0.6	0.412506645224741	0.425855513307985	0.567867735603867
0.272727272727273	0.3	0.195323090826932	0.197718631178707	0.732303945174882
0.454545454545455	0.3	0.553660189787619	0.399239543726236	0.396303481865995
0.272727272727273	0.4	0.194441934026209	0.300380228136882	0.647439082976072
0.272727272727273	0.4	0.197465511283592	0.26615969581749	0.618151139717095
0.136363636363636	0.8	0.379191143244464	0.338403041825095	0.567208983568831
0.136363636363636	0.8	0.435170516466867	0.372623574144487	0.521837783802506
0.636363636363636	0.3	0.652401584221578	0.346007604562738	0.438943912703738
0.272727272727273	0.5	0.229058808340327	0.254752851711027	0.62138291199455
0.318181818181818	0.1	0.414903910050238	0.368821292775665	0.673912998833794
				
0.636363636363636	0.5	0.69225356658705	0.448669201520913	0.25151645467282
0.454545454545455	0.5	0.395193580143309	0.368821292775665	0.381433554764748
0.181818181818182	0.7	0.559240849525531	0.577946768060836	0.458400943351809
0.181818181818182	0.7	0.566415983474275	0.551330798479088	0.431244622857054
0.136363636363636	0.9	0.539447245027905	0.44106463878327	0.415046549282677
0.181818181818182	0.7	0.559240849525531	0.581749049429658	0.43072835022753
0.227272727272727	0.7	0.268459105286941	0.281368821292776	0.354529742056739
0.363636363636364	0.6	0.593217836162933	0.342205323193916	0.431244622857054
0.545454545454545	0.5	0.699428700535795	0.311787072243346	0.403572029732778
0.454545454545455	0.4	0.346743839876664	0.433460076045627	0.428755285682875
0.409090909090909	0.5	0.37503711832677	0.254752851711027	0.44275554964787
0.272727272727273	0.6	0.293498644374153	0.361216730038023	0.354529742056739
0.545454545454545	0.5	0.699428700535795	0.304182509505703	0.431244622857054
0.181818181818182	0.7	0.566415983474275	0.555133079847909	0.403572029732778
0.136363636363636	0.8	0.453208314505196	0.47148288973384	0.364143878278617

