0.428571428571429	0.428571428571429	0.396341463414634
0.214285714285714	0.428571428571429	0.609756097560976
0.142857142857143	0.571428571428571	0.353658536585366
0.5	0.285714285714286	0.640243902439024
0.642857142857143	0.428571428571429	0.384146341463415
		
0.357142857142857	0.142857142857143	0.689024390243902
0.642857142857143	0	0.707317073170732
0.285714285714286	0.285714285714286	0.597560975609756
0.142857142857143	0.571428571428571	0.560975609756098
0.571428571428571	0.142857142857143	0.615853658536585
0.214285714285714	0.428571428571429	0.50609756097561
0.5	0.285714285714286	0.536585365853659
		
0.214285714285714	0.428571428571429	0.487804878048781
0.285714285714286	0.285714285714286	0.579268292682927
0.571428571428571	0.142857142857143	0.609756097560976
0.642857142857143	0	0.74390243902439
0.142857142857143	0.571428571428571	0.542682926829268
0.357142857142857	0.142857142857143	0.713414634146341
0.5	0.285714285714286	0.518292682926829
		
0.142857142857143	0.571428571428571	0.365853658536585
0.5	0.285714285714286	0.341463414634146
0.214285714285714	0.428571428571429	0.292682926829268
0.642857142857143	0	0.567073170731707
0.571428571428571	0.142857142857143	0.475609756097561
0.285714285714286	0.285714285714286	0.469512195121951
		
0.142857142857143	0.571428571428571	0.542682926829268
0.857142857142857	0.142857142857143	0.896341463414634
0.214285714285714	0.428571428571429	0.536585365853659
0.5	0.285714285714286	0.542682926829268
		
0.5	0.285714285714286	0.280487804878049
0.285714285714286	0.285714285714286	0.445121951219512
0.928571428571429	0	0.878048780487805
0.571428571428571	0.142857142857143	0.5
0.142857142857143	0.571428571428571	0.359756097560976
0.214285714285714	0.428571428571429	0.25
		
0.571428571428571	0.142857142857143	0.384146341463415
0.214285714285714	0.428571428571429	0.25609756097561
0.285714285714286	0.285714285714286	0.353658536585366
0.642857142857143	0	0.475609756097561
0.5	0.285714285714286	0.286585365853658
0.142857142857143	0.571428571428571	0.304878048780488
0.357142857142857	0.142857142857143	0.445121951219512
		
0.214285714285714	0.428571428571429	0.439024390243902
0.142857142857143	0.571428571428571	0.542682926829268
0.642857142857143	0.142857142857143	0.725609756097561
0.5	0.285714285714286	0.469512195121951
0.357142857142857	0.285714285714286	0.695121951219512
		
0.142857142857143	0.714285714285714	0.402439024390244
0.428571428571429	0.571428571428571	0.432926829268293
		
0.214285714285714	0.428571428571429	0.25
0.5	0.285714285714286	0.280487804878049
0.571428571428571	0.142857142857143	0.371951219512195
0.142857142857143	0.571428571428571	0.298780487804878
0.357142857142857	0.142857142857143	0.628048780487805
0.285714285714286	0.285714285714286	0.365853658536585
0.642857142857143	0	0.621951219512195
		
0.285714285714286	0.285714285714286	0.359756097560976
0.0714285714285714	1	0.548780487804878
0.5	0.285714285714286	0.268292682926829
0.142857142857143	0.571428571428571	0.292682926829268
0.357142857142857	0.142857142857143	0.554878048780488
0.642857142857143	0	0.554878048780488
0.214285714285714	0.428571428571429	0.23780487804878
0.571428571428571	0.142857142857143	0.378048780487805
		
0.285714285714286	0.285714285714286	0.646341463414634
0.428571428571429	0.428571428571429	0.335365853658537
0.571428571428571	0.142857142857143	0.676829268292683
0.142857142857143	0.571428571428571	0.310975609756098
0.5	0.285714285714286	0.457317073170732
0.214285714285714	0.428571428571429	0.439024390243902
		
0.214285714285714	0.428571428571429	0.25
0.142857142857143	0.571428571428571	0.292682926829268
0.5	0.285714285714286	0.280487804878049
0.928571428571429	0.142857142857143	0.835365853658537
		
0.642857142857143	0	0.786585365853659
0.571428571428571	0.142857142857143	0.670731707317073
0.142857142857143	0.571428571428571	0.579268292682927
0.5	0.285714285714286	0.548780487804878
0.214285714285714	0.428571428571429	0.530487804878049
0.285714285714286	0.285714285714286	0.603658536585366
0.357142857142857	0.142857142857143	0.731707317073171
		
0.214285714285714	0.428571428571429	0.274390243902439
0.5	0.285714285714286	0.304878048780488
0.357142857142857	0.142857142857143	0.798780487804878
0.285714285714286	0.285714285714286	0.719512195121951
0.642857142857143	0	0.853658536585366
0.142857142857143	0.571428571428571	0.317073170731707
		
0.142857142857143	0.714285714285714	0.371951219512195
0.142857142857143	0.571428571428571	0.75609756097561
0.5	0.428571428571429	0.49390243902439
0.214285714285714	0.571428571428571	0.463414634146341
0.428571428571429	0.571428571428571	0.402439024390244
0.428571428571429	0.428571428571429	0.737804878048781
		
0.142857142857143	0.571428571428571	0.25
0.571428571428571	0.142857142857143	0.310975609756098
0.214285714285714	0.428571428571429	0.207317073170732
0.285714285714286	0.285714285714286	0.280487804878049
0.5	0.285714285714286	0.23780487804878
		
0.142857142857143	0.571428571428571	0.0365853658536585
0.428571428571429	0.428571428571429	0.0670731707317073
0.214285714285714	0.428571428571429	0.5
0.5	0.285714285714286	0.487804878048781
0.571428571428571	0.142857142857143	0.615853658536585
0.642857142857143	0	0.768292682926829
0.357142857142857	0.142857142857143	0.689024390243902
		
0.571428571428571	0.142857142857143	0.475609756097561
0	1	0.542682926829268
0.142857142857143	0.571428571428571	0.335365853658537
0.642857142857143	0	0.548780487804878
0.5	0.285714285714286	0.323170731707317
0.0714285714285714	0.857142857142857	0.658536585365854
0.357142857142857	0.142857142857143	0.548780487804878
0.214285714285714	0.428571428571429	0.286585365853658
0.285714285714286	0.285714285714286	0.439024390243902
		
0.214285714285714	0.428571428571429	0.347560975609756
0.714285714285714	0	0.682926829268293
0.5	0.285714285714286	0.378048780487805
0.571428571428571	0.142857142857143	0.524390243902439
0.285714285714286	0.285714285714286	0.50609756097561
0.142857142857143	0.571428571428571	0.390243902439024
0.428571428571429	0.142857142857143	0.634146341463415
		
0.285714285714286	0.285714285714286	0.609756097560976
0.214285714285714	0.428571428571429	0.530487804878049
0.142857142857143	0.571428571428571	0.585365853658537
0.5	0.285714285714286	0.567073170731707
0.571428571428571	0.142857142857143	0.640243902439024
		
0.214285714285714	0.428571428571429	0.5
0.5	0.285714285714286	0.518292682926829
0.571428571428571	0.142857142857143	0.640243902439024
0.142857142857143	0.571428571428571	0.554878048780488
0.285714285714286	0.285714285714286	0.634146341463415
		
0.571428571428571	0.142857142857143	0.384146341463415
1	0	0.914634146341463
0.142857142857143	0.571428571428571	0.298780487804878
0.5	0.285714285714286	0.292682926829268
0.0714285714285714	1	0.817073170731707
0.285714285714286	0.285714285714286	0.353658536585366
0.214285714285714	0.428571428571429	0.26219512195122
		
0.214285714285714	0.428571428571429	0.426829268292683
0.142857142857143	0.571428571428571	0.274390243902439
0.0714285714285714	1	0.804878048780488
0.428571428571429	0.428571428571429	0.304878048780488
0.285714285714286	0.285714285714286	0.548780487804878
0.5	0.285714285714286	0.457317073170732
0.571428571428571	0.142857142857143	0.579268292682927
		
0.357142857142857	0.285714285714286	0.628048780487805
0.214285714285714	0.428571428571429	0.536585365853659
0.428571428571429	0.142857142857143	0.774390243902439
0.142857142857143	0.571428571428571	0.609756097560976
0.642857142857143	0.142857142857143	0.658536585365854
0.5	0.285714285714286	0.573170731707317
0.714285714285714	0	0.804878048780488
		
0.142857142857143	0.571428571428571	0.365853658536585
1	0	1
0.285714285714286	0.285714285714286	0.414634146341463
0.214285714285714	0.428571428571429	0.323170731707317
0.5	0.285714285714286	0.359756097560976
0.571428571428571	0.142857142857143	0.451219512195122
		
0.428571428571429	0.428571428571429	0.0304878048780488
0.5	0.285714285714286	0.128048780487805
0.142857142857143	0.571428571428571	0
0.214285714285714	0.428571428571429	0.0975609756097561
0.571428571428571	0.142857142857143	0.26219512195122
		
0.214285714285714	0.428571428571429	0.26219512195122
0.5	0.285714285714286	0.298780487804878
0.0714285714285714	1	0.634146341463415
0.285714285714286	0.285714285714286	0.341463414634146
0.642857142857143	0	0.469512195121951
0.357142857142857	0.142857142857143	0.432926829268293
0.142857142857143	0.571428571428571	0.304878048780488
0.571428571428571	0.142857142857143	0.378048780487805
		
0.571428571428571	0.142857142857143	0.615853658536585
0.285714285714286	0.285714285714286	0.597560975609756
0.142857142857143	0.428571428571429	0.207317073170732
0.642857142857143	0	0.725609756097561
0.428571428571429	0.285714285714286	0.384146341463415
0.357142857142857	0.142857142857143	0.676829268292683
		
0.428571428571429	0.428571428571429	0.0853658536585366
0.142857142857143	0.571428571428571	0.0365853658536585
0.0714285714285714	0.857142857142857	0.432926829268293
0.142857142857143	0.714285714285714	0.0182926829268293
0.214285714285714	0.428571428571429	0.310975609756098
0.285714285714286	0.285714285714286	0.402439024390244
0.5	0.285714285714286	0.323170731707317
0	1	0.146341463414634
0.571428571428571	0.142857142857143	0.451219512195122

