0.31578947368421	0.363636363636364	0.368142092259565	0.16	0.186306798192608
0.421052631578947	0.181818181818182	0.450332224879837	0.327272727272727	0.186306798192608
0.31578947368421	0.454545454545455	0.40457169647321	0.185454545454545	0.150383063505734
0.210526315789474	0.545454545454545	0.4397317307433	0.272727272727273	0.186306798192608
0.31578947368421	0.363636363636364	0.399275598326325	0.207272727272727	0.150383063505734
0.526315789473684	0.272727272727273	0.511518857884921	0.232727272727273	0.186306798192608
0.421052631578947	0.0909090909090909	0.45329455474813	0.312727272727273	0.339630915215513
0.631578947368421	0.0909090909090909	0.559938430006659	0.407272727272727	0.186306798192608
0.31578947368421	0.363636363636364	0.401366654703943	0.2	0.150383063505734
0.631578947368421	0	0.599319991785136	0.396363636363636	0.339630915215513
0.31578947368421	0.363636363636364	0.430641443990599	0.178181818181818	0.150383063505734
				
0	1	0.636696284114307	0.509090909090909	0.431602518638047
0	1	0.628846109963332	0.530909090909091	0.459977056023722
0.0526315789473684	0.818181818181818	0.672741416777446	0.534545454545455	0.431602518638047
0.105263157894737	0.727272727272727	0.696318869501901	0.516363636363636	0.68912117289611
0.31578947368421	0.545454545454545	0.676718120206699	0.661818181818182	0.748948651858651
0.0526315789473684	0.818181818181818	0.735987159465491	0.530909090909091	0.431602518638047
				
0.0526315789473684	0.727272727272727	0.550196251960166	0.44	0.274160648369964
0	0.909090909090909	0.514055827566998	0.367272727272727	0.274160648369964
0.368421052631579	0.454545454545455	0.65836361115096	0.418181818181818	0.274160648369964
0.368421052631579	0.454545454545455	0.644520415804901	0.450909090909091	0.256720778924934
0.0526315789473684	0.727272727272727	0.601968663196785	0.432727272727273	0.302921113532182
0.578947368421053	0.363636363636364	0.78755862944531	0.44	0.256720778924934
				
0.526315789473684	0.454545454545455	0.409015191275648	0.247272727272727	0.0192971281610771
0.157894736842105	0.636363636363636	0	0.287272727272727	0.0837568490536687
0.421052631578947	0.363636363636364	0.167168340410702	0.414545454545455	0.158184689048415
0.157894736842105	0.545454545454545	0.0980763526002328	0.287272727272727	0
0.31578947368421	0.363636363636364	0.36221743252298	0.2	0.248062153032767
0.210526315789474	0.454545454545455	0.126853271320788	0.385454545454545	0.0330916982743498
0.368421052631579	0.454545454545455	0.231275399178099	0.254545454545454	0
0.578947368421053	0.363636363636364	0.443187782256308	0.305454545454545	0.0192971281610771
0.210526315789474	0.454545454545455	0.142722895615212	0.352727272727273	0
0.210526315789474	0.454545454545455	0.13425909599152	0.356363636363636	0
0.421052631578947	0.363636363636364	0.181805735054029	0.410909090909091	0.0192971281610771
0.31578947368421	0.545454545454545	0.261745077823393	0.258181818181818	0.0192971281610771
0.368421052631579	0.454545454545455	0.14541139667215	0.330909090909091	0.0837568490536687
				
0.31578947368421	0.272727272727273	0.584589661302803	0.370909090909091	0.477826297276248
0.631578947368421	0	0.877662829605873	0.501818181818182	0.496145406797664
0.31578947368421	0.545454545454545	0.418007978375822	0.301818181818182	0.076369047924734
0.526315789473684	0.363636363636364	0.449460951389162	0.345454545454545	0.158184689048415
0.31578947368421	0.454545454545455	0.306814810819557	0.32	0.0575767561825463
0.31578947368421	0.454545454545455	0.302240624993518	0.36	0.089671802520007
0.421052631578947	0.0909090909090909	0.66042530593109	0.509090909090909	0.477826297276248
0.368421052631579	0.181818181818182	0.691036047903446	0.414545454545455	0.496145406797664
0.578947368421053	0.0909090909090909	0.76706918118962	0.454545454545455	0.477826297276248
0.578947368421053	0.0909090909090909	0.836190211449778	0.425454545454546	0.496145406797664
0.631578947368421	0	0.806566912766853	0.516363636363636	0.477826297276248
				
0.31578947368421	0.545454545454545	0.887241029513352	0.312727272727273	0.4716252577309
0.210526315789474	0.727272727272727	0.682036207636919	0.298181818181818	0.434833210919172
0.0526315789473684	0.727272727272727	0.414156949547042	0.432727272727273	0.198729093565895
0.526315789473684	0.454545454545455	0.790203566827714	0.276363636363636	0.434833210919172
0.578947368421053	0.363636363636364	0.746530360769459	0.370909090909091	0.665132320140162
0.578947368421053	0.363636363636364	0.826597905209593	0.334545454545455	0.726039025691795
0.210526315789474	0.727272727272727	0.673064580035805	0.32	0.466632715566901
0.368421052631579	0.454545454545455	0.67458806396807	0.396363636363636	0.760857593934017
0.368421052631579	0.454545454545455	0.683559691569184	0.374545454545455	0.726039025691795
0	0.909090909090909	0.540596158513691	0.407272727272727	0.415991892405115
0.578947368421053	0.363636363636364	0.71646271260629	0.443636363636364	0.846526947379507
0.578947368421053	0.363636363636364	0.815256413713845	0.363636363636364	0.760857593934017
				
0.31578947368421	0.545454545454545	0.48391981794533	0.323636363636364	0.507126092790768
0.368421052631579	0.454545454545455	0.527656502500762	0.381818181818182	0.316577905789509
0	0.636363636363636	0.36593486608319	0.367272727272727	0.54276127891778
0.210526315789474	0.545454545454545	0.512802534161181	0.36	0.617573243033767
0.578947368421053	0.363636363636364	0.577015390423875	0.436363636363636	0.39277941400881
0.31578947368421	0.545454545454545	0.489103895214842	0.287272727272727	0.473973826008965
0.31578947368421	0.636363636363636	0.481204348899395	0.32	0.357266381562089
0.526315789473684	0.363636363636364	0.516374755472946	0.389090909090909	0.503788750331831
0.210526315789474	0.636363636363636	0.512308812516466	0.36	0.448809680417065
0.526315789473684	0.454545454545455	0.626746436595146	0.298181818181818	0.344952443175185
0.31578947368421	0.545454545454545	0.48391981794533	0.330909090909091	0.390290196422442
0	0.636363636363636	0.370116978838427	0.305454545454545	0.617573243033767
0.526315789473684	0.454545454545455	0.513437319132959	0.327272727272727	0.373540449970276
				
0.263157894736842	0.181818181818182	0.248661454238434	0.309090909090909	0.438121457001
0.31578947368421	0.181818181818182	0.353330442918102	0.28	0.524545003608452
0.210526315789474	0.272727272727273	0.215285871055672	0.269090909090909	0.39277941400881
0.210526315789474	0.363636363636364	0.210151165950632	0.24	0.405817551962826
0.263157894736842	0.272727272727273	0.259967679902417	0.207272727272727	0.50687154080056
0.210526315789474	0.272727272727273	0.208633621526875	0.254545454545454	0.405817551962826
0.263157894736842	0.363636363636364	0.2587827479551	0.2	0.792569959087401
0.368421052631579	0	0.464391827629349	0.374545454545455	0.603720618417209
0.210526315789474	0.363636363636364	0.207448689579558	0.261818181818182	0.474215860477199
0.31578947368421	0.0909090909090909	0.356292772786395	0.287272727272727	0.552213583792751
0.210526315789474	0.454545454545455	0.209304785988263	0.247272727272727	0.474215860477199
				
0.263157894736842	0.363636363636364	0.635564968997185	0.476363636363636	0.605495440455578
0.578947368421053	0.0909090909090909	0.810516685924576	0.396363636363636	0.605495440455578
0.0526315789473684	0.545454545454545	0.542425832844106	0.349090909090909	0.45844670733964
0.31578947368421	0.363636363636364	0.624877347511581	0.265454545454545	0.624496246853713
0.0526315789473684	0.454545454545455	0.490435698979158	0.370909090909091	0.624496246853713
0.578947368421053	0.0909090909090909	0.840139984607502	0.385454545454545	0.605495440455578
0	0.727272727272727	0.505989175464109	0.316363636363636	0.394741278693483
0.368421052631579	0.181818181818182	0.697076877438788	0.352727272727273	0.510936290586211
0.578947368421053	0.0909090909090909	0.808541799345715	0.410909090909091	0.624496246853713
0.31578947368421	0.454545454545455	0.624030967549211	0.265454545454545	0.45844670733964
0.263157894736842	0.363636363636364	0.633473912619567	0.44	0.624496246853713
0.0526315789473684	0.454545454545455	0.548985277552468	0.338181818181818	0.624496246853713
0	0.727272727272727	0.509822778823075	0.28	0.367043104544739
0.263157894736842	0.454545454545455	0.683277564915061	0.374545454545455	0.45844670733964
0.578947368421053	0.181818181818182	0.795705036583114	0.363636363636364	0.45844670733964
0.0526315789473684	0.454545454545455	0.492526755356776	0.381818181818182	0.605495440455578
0.368421052631579	0.181818181818182	0.657346806264042	0.338181818181818	0.529933569447554
0.368421052631579	0.181818181818182	0.416526813441676	0.312727272727273	0.597871978293367
0.263157894736842	0.363636363636364	0.695973264350601	0.407272727272727	0.605495440455578
				
0.31578947368421	0.545454545454545	0.504438308650709	0.367272727272727	0.309649906469257
0.31578947368421	0.454545454545455	0.505073093622486	0.389090909090909	0.299589801215743
0.31578947368421	0.363636363636364	0.433313349362	0.214545454545454	0.622883760386809
0.0526315789473684	0.545454545454545	0.40418377232379	0.298181818181818	0.487584521100577
0.368421052631579	0.272727272727273	0.475970899465411	0.276363636363636	0.610839536221773
0.368421052631579	0.272727272727273	0.47364750349028	0.298181818181818	0.395741403862119
0.368421052631579	0.272727272727273	0.471556447112662	0.28	0.512253454030432
0.526315789473684	0.181818181818182	0.57649262632947	0.247272727272727	0.661358566886581
0.368421052631579	0.181818181818182	0.471823637649802	0.36	0.523764000056437
0.368421052631579	0.363636363636364	0.470371515165345	0.28	0.362712559127081
0.263157894736842	0.454545454545455	0.547010390973607	0.363636363636364	0.487584521100577
				
0.578947368421053	0.272727272727273	0.620137619722313	0.578181818181818	0.317446342271227
0.368421052631579	0.363636363636364	0.474785967518094	0.563636363636364	0.180978942666771
0.263157894736842	0.636363636363636	0.555756317251423	0.6	0.317446342271227
0.631578947368421	0.181818181818182	0.683136501588	0.56	0.317446342271227
0.368421052631579	0.363636363636364	0.488610173570126	0.516363636363636	0.248062153032767
0.578947368421053	0.272727272727273	0.630012052616621	0.563636363636364	0.248062153032767
0.421052631578947	0.272727272727273	0.54509192972557	0.643636363636364	0.180978942666771
0.368421052631579	0.363636363636364	0.551922713892456	0.392727272727273	0.274360989921464
				
0.263157894736842	0.272727272727273	0.266632922106076	0.327272727272727	0.51987551298433
0.578947368421053	0.363636363636364	0.748900224664093	0.341818181818182	0.221882060161643
0.526315789473684	0.454545454545455	0.712505886282214	0.265454545454545	0.221882060161643
0.31578947368421	0.454545454545455	0.433977176783466	0.181818181818182	0.368257683809878
0.263157894736842	0.272727272727273	0.304402627926805	0.44	0.300340741241088
0.368421052631579	0.363636363636364	0.537982338041668	0.341818181818182	0.234039060951281
0.368421052631579	0.363636363636364	0.470371515165345	0.352727272727273	0.234039060951281
0.368421052631579	0.363636363636364	0.468280458787727	0.250909090909091	0.368257683809878
0.526315789473684	0.454545454545455	0.597863720379294	0.294545454545455	0.204263279831275
0.210526315789474	0.363636363636364	0.229900031739248	0.247272727272727	0.51987551298433
0.526315789473684	0.363636363636364	0.577015390423875	0.214545454545454	0.368257683809878
				
0.263157894736842	0.454545454545455	0.71685063675571	0.363636363636364	0.466872013487194
0.421052631578947	0.181818181818182	0.506790747075529	0.349090909090909	0.204263279831275
0.368421052631579	0.181818181818182	0.471242788656019	0.261818181818182	0.359130681034403
0.368421052631579	0.272727272727273	0.65138729558783	0.247272727272727	0.368257683809878
0.31578947368421	0.363636363636364	0.435288235940861	0.181818181818182	0.308248969058021
0.368421052631579	0.181818181818182	0.473798524228664	0.221818181818182	0.397205389245105
0.578947368421053	0.0909090909090909	0.618952687774995	0.287272727272727	0.397205389245105
0.421052631578947	0.0909090909090909	0.507662020566203	0.338181818181818	0.359130681034403
0.31578947368421	0.454545454545455	0.686994998475271	0.170909090909091	0.368257683809878
0.421052631578947	0.0909090909090909	0.510333925937605	0.298181818181818	0.397205389245105
0.368421052631579	0.272727272727273	0.472021126307688	0.254545454545454	0.308248969058021
				
0.0526315789473684	0.545454545454545	0.41282390110631	0.425454545454546	0.359130681034403
0.631578947368421	0.0909090909090909	0.692023491192877	0.421818181818182	0.23936691647712
0.105263157894737	0.454545454545455	0.446784897096378	0.490909090909091	0.359130681034403
0.263157894736842	0.545454545454545	0.664473823417757	0.334545454545455	0.378253106673513
0.526315789473684	0.363636363636364	0.703872810666048	0.254545454545454	0.378253106673513
0.105263157894737	0.636363636363636	0.559706090409146	0.469090909090909	0.221882060161643
0.263157894736842	0.545454545454545	0.65721611524044	0.378181818181818	0.410999350241116
0.578947368421053	0.272727272727273	0.733199876362143	0.363636363636364	0.410999350241116
0	0.636363636363636	0.376782221042085	0.349090909090909	0.359130681034403
0.421052631578947	0.181818181818182	0.550702931005512	0.490909090909091	0.392212847081104
0	0.818181818181818	0.490261896890629	0.32	0.221882060161643
0.31578947368421	0.454545454545455	0.563204460920272	0.298181818181818	0.378253106673513
0.578947368421053	0.181818181818182	0.62388990422215	0.454545454545455	0.53256076447901
0	0.727272727272727	0.488215196254354	0.316363636363636	0.378253106673513
0	0.727272727272727	0.483031118984842	0.341818181818182	0.410999350241116
0.210526315789474	0.636363636363636	0.621174435176215	0.305454545454545	0.410999350241116
0.105263157894737	0.454545454545455	0.45279668418203	0.454545454545455	0.459353359985935
0.631578947368421	0.0909090909090909	0.672855474398043	0.490909090909091	0.459353359985935
				
0.578947368421053	0.272727272727273	0.737643371164582	0.392727272727273	0.541377257079218
0.105263157894737	0.636363636363636	0.564445818198414	0.498181818181818	0.347539683643868
0.578947368421053	0.181818181818182	0.625980960599768	0.465454545454545	0.676024436986799
0.631578947368421	0.272727272727273	0.773191329584092	0.483636363636364	0.375237857792613
0.421052631578947	0.272727272727273	0.630999495906052	0.516363636363636	0.541377257079218
0.578947368421053	0.181818181818182	0.628072016977387	0.483636363636364	0.657023630588665
0.31578947368421	0.545454545454545	0.559459229586788	0.341818181818182	0.394741278693483
0.31578947368421	0.0909090909090909	0.344690314135583	0.523636363636364	0.607142384405901
0.631578947368421	0.181818181818182	0.65943786264166	0.483636363636364	0.523764000056437
0.105263157894737	0.454545454545455	0.451228391898816	0.527272727272727	0.493046088971216
0.526315789473684	0.454545454545455	0.601261686992924	0.396363636363636	0.506660893182241
0.421052631578947	0.272727272727273	0.638701553563613	0.476363636363636	0.510936290586211
0.526315789473684	0.363636363636364	0.700910480797755	0.309090909090909	0.541377257079218
0.105263157894737	0.545454545454545	0.562569675948495	0.487272727272727	0.510936290586211
0.105263157894737	0.545454545454545	0.557237482185569	0.52	0.541377257079218
				
0.68421052631579	0.545454545454545	0.928269298189203	1	0.300395583860168
0.105263157894737	0.727272727272727	0.642996931872636	0.68	0.453617542015854
0.31578947368421	0.636363636363636	0.961101787562779	0.636363636363636	0.414408622049634
0.578947368421053	0.454545454545455	1	0.527272727272727	0.414408622049634
1	0.272727272727273	0.97522222660164	0.956363636363636	0.300395583860168
0.263157894736842	0.727272727272727	0.749640807131166	0.563636363636364	0.380071908621748
0.105263157894737	0.727272727272727	0.642996931872636	0.687272727272727	0.380071908621748
0.31578947368421	0.636363636363636	0.783361995465229	0.643636363636364	0.380071908621748
				
0.263157894736842	0.727272727272727	0.551905288422642	0.363636363636364	0.362712559127081
0.263157894736842	0.727272727272727	0.846064644344087	0.338181818181818	0.414408622049634
0.31578947368421	0.636363636363636	0.564445818198414	0.294545454545455	0.380071908621748
0.263157894736842	0.727272727272727	0.739420769085557	0.345454545454545	0.327199321741265
0.31578947368421	0.545454545454545	0.564939539843129	0.309090909090909	0.367043104544739
0.263157894736842	0.636363636363636	0.54367465818074	0.367272727272727	0.457348161979125
0	0.818181818181818	0.484929703127702	0.352727272727273	0.44007903194074
0.526315789473684	0.454545454545455	0.542712108419614	0.367272727272727	0.404523956743846
0.0526315789473684	0.727272727272727	0.409713454744603	0.396363636363636	0.362712559127081
0.578947368421053	0.363636363636364	0.85452844396778	0.301818181818182	0.445321939505303
0.210526315789474	0.727272727272727	0.539097568109731	0.378181818181818	0.383569210124611
0	0.818181818181818	0.490261896890629	0.327272727272727	0.367043104544739
0.526315789473684	0.454545454545455	0.880766222801227	0.243636363636364	0.399984186258047
0.31578947368421	0.636363636363636	0.493349901359394	0.309090909090909	0.291558969227146
0.31578947368421	0.545454545454545	0.496213486898744	0.32	0.327616161418215
0.578947368421053	0.454545454545455	0.695620606032947	0.341818181818182	0.362712559127081
0.210526315789474	0.727272727272727	0.534915455354494	0.356363636363636	0.487584521100577
				
0.631578947368421	0.0909090909090909	0.727222940216117	0.327272727272727	0.317446342271227
0.421052631578947	0.181818181818182	0.577886663914549	0.309090909090909	0.317446342271227
0.263157894736842	0.272727272727273	0.258268696595603	0.250909090909091	0.477826297276248
0.578947368421053	0.0909090909090909	0.622902460932719	0.330909090909091	0.397205389245105
0.631578947368421	0	0.728965487197466	0.305454545454545	0.477826297276248
0.368421052631579	0.272727272727273	0.540561307574064	0.221818181818182	0.317446342271227
0.31578947368421	0.272727272727273	0.440422941045902	0.189090909090909	0.397205389245105
0.31578947368421	0.363636363636364	0.439238009098584	0.189090909090909	0.23936691647712
				
0.421052631578947	0.363636363636364	0.627592816557516	0.48	0.251392923399095
0.578947368421053	0.363636363636364	0.734236691816045	0.363636363636364	0.251392923399095
0.31578947368421	0.363636363636364	0.363727639906815	0.189090909090909	0.477826297276248
0.526315789473684	0.454545454545455	0.705396294598312	0.265454545454545	0.221882060161643
0.368421052631579	0.454545454545455	0.598752419339782	0.374545454545455	0.221882060161643
0.578947368421053	0.363636363636364	0.739420769085558	0.327272727272727	0.221882060161643
0.421052631578947	0.272727272727273	0.513377574665027	0.490909090909091	0.234039060951281
0.421052631578947	0.363636363636364	0.632776893827028	0.44	0.221882060161643
0.631578947368421	0.272727272727273	0.713521542237057	0.389090909090909	0.221882060161643
0.631578947368421	0.272727272727273	0.662103959523123	0.436363636363636	0.204263279831275
0.578947368421053	0.363636363636364	0.627592816557516	0.370909090909091	0.204263279831275
0	0.727272727272727	0.290261859173162	0.210909090909091	0.317446342271227
0	0.636363636363636	0.288565780111316	0.207272727272727	0.477826297276248
				
0.210526315789474	0.272727272727273	0.097257355518999	0	0.256720778924934
				
0.578947368421053	0.363636363636364	0.848434508238721	0.32	0.330691929838878
0.31578947368421	0.454545454545455	0.380132475059796	0.338181818181818	0.280086380314872
0.31578947368421	0.363636363636364	0.443187782256308	0.341818181818182	0.487914113503624
0.526315789473684	0.272727272727273	0.565653984105482	0.36	0.552831610622379
0.578947368421053	0.363636363636364	0.556496899718496	0.370909090909091	0.280086380314872
0.578947368421053	0.363636363636364	0.668324852246538	0.334545454545455	0.29707448488864
0.578947368421053	0.363636363636364	0.663140774977026	0.363636363636364	0.325449022274314
0.578947368421053	0.272727272727273	0.710982402349949	0.407272727272727	0.438939839698166
0.526315789473684	0.454545454545455	0.520102561336617	0.294545454545455	0.280086380314872
				
0	0.636363636363636	0.360242545944118	0.392727272727273	0.150383063505734
0.31578947368421	0.454545454545455	0.438159289538702	0.4	0.150383063505734
0.31578947368421	0.272727272727273	0.5332426102524	0.301818181818182	0.317446342271227
0.0526315789473684	0.454545454545455	0.460115381503694	0.385454545454545	0.317446342271227
0.210526315789474	0.636363636363636	0.500459493043296	0.370909090909091	0.150383063505734
0.368421052631579	0.181818181818182	0.568593080014023	0.352727272727273	0.317446342271227
0.578947368421053	0.181818181818182	0.62388990422215	0.501818181818182	0.186306798192608
0.263157894736842	0.454545454545455	0.535888661292649	0.4	0.180978942666769
0.368421052631579	0.272727272727273	0.478049727443161	0.407272727272727	0.186306798192608
0.263157894736842	0.545454545454545	0.529641040780949	0.450909090909091	0.180978942666769
0.526315789473684	0.181818181818182	0.677211841851415	0.338181818181818	0.317446342271227
0.578947368421053	0.0909090909090909	0.713747243560355	0.389090909090909	0.317446342271227
				
0.31578947368421	0.636363636363636	0.822760982713519	0.476363636363636	0.431602518638047
0.421052631578947	0.363636363636364	0.575900160355811	0.487272727272727	0.473973826008965
0.631578947368421	0.363636363636364	0.931379744550911	0.454545454545455	0.431602518638047
0.421052631578947	0.454545454545455	0.575053780393442	0.487272727272727	0.327405652480807
0.105263157894737	0.727272727272727	0.680174171719707	0.509090909090909	0.431602518638047
				
0.368421052631579	0.363636363636364	0.551806544093699	0.28	0.300340741241088
0.368421052631579	0.363636363636364	0.478735740675818	0.352727272727273	0.204263279831275
0.631578947368421	0.181818181818182	0.945912586375357	0.414545454545455	0.450772730945698
0.578947368421053	0.181818181818182	0.837177654739209	0.465454545454545	0.334429061929145
0.31578947368421	0.454545454545455	0.517387092290682	0.218181818181818	0.300340741241088
0.578947368421053	0.272727272727273	0.613748280790702	0.305454545454545	0.300340741241088
0.368421052631579	0.363636363636364	0.472462571542963	0.301818181818182	0.300340741241088
0.526315789473684	0.454545454545455	0.517880813935397	0.276363636363636	0.234039060951283
0.526315789473684	0.363636363636364	0.512061951694108	0.254545454545454	0.368257683809878
0.31578947368421	0.545454545454545	0.516752307318905	0.225454545454545	0.368257683809878
0.421052631578947	0.272727272727273	0.801943354776342	0.396363636363636	0.450772730945698
0.31578947368421	0.454545454545455	0.373467232856138	0.290909090909091	0.234039060951283
0.368421052631579	0.272727272727273	0.693208423140194	0.447272727272727	0.334429061929145
0.578947368421053	0.181818181818182	0.766081737900189	0.472727272727273	0.317446342271227
				
0.210526315789474	0.545454545454545	0.506529365028327	0.290909090909091	0.588141578007766
0.210526315789474	0.545454545454545	0.508620421405945	0.283636363636364	0.588141578007766
0.31578947368421	0.454545454545455	0.596382555445148	0.287272727272727	0.510936290586211
0	0.636363636363636	0.36593486608319	0.334545454545455	0.523764000056437
0	0.727272727272727	0.48584533235972	0.298181818181818	0.510936290586211
0.368421052631579	0.181818181818182	0.396777947653059	0.276363636363636	0.937217397285843
0.368421052631579	0.272727272727273	0.395000549732084	0.276363636363636	0.768031942655585
0.210526315789474	0.636363636363636	0.50812669976123	0.272727272727273	0.869956384016105
0.421052631578947	0.181818181818182	0.438250565809154	0.352727272727273	0.45844670733964
0.421052631578947	0.0909090909090909	0.429561064862163	0.374545454545455	1
0.31578947368421	0.545454545454545	0.452161899210253	0.374545454545455	0.487154025540767
0	0.636363636363636	0.370116978838427	0.309090909090909	0.493046088971216
0.31578947368421	0.363636363636364	0.445409529657527	0.290909090909091	0.493046088971216
0.526315789473684	0.363636363636364	0.652293420018131	0.254545454545454	0.869956384016105
0	0.818181818181818	0.485522169101361	0.298181818181818	0.347539683643868
0.210526315789474	0.545454545454545	0.504438308650709	0.294545454545455	0.657023630588665
0.631578947368421	0.0909090909090909	0.589433330490958	0.476363636363636	0.45844670733964
				
0	0.818181818181818	0.490261896890629	0.32	0.412380857791994
0.31578947368421	0.636363636363636	0.493349901359394	0.301818181818182	0.327405652480807
0.31578947368421	0.181818181818182	0.333233067733216	0.356363636363636	0.474545989881136
0.210526315789474	0.363636363636364	0.338765654398998	0.396363636363636	0.487584521100577
0	0.909090909090909	0.482438653011184	0.334545454545455	0.40916571448507
0	0.818181818181818	0.376064080467953	0.341818181818182	0.362712559127081
0.368421052631579	0.454545454545455	0.484554602917107	0.389090909090909	0.424237766025881
0.578947368421053	0.454545454545455	0.574077954083887	0.410909090909091	0.405817551962826
				
0.368421052631579	0.272727272727273	0.628777748504833	0.309090909090909	0.657023630588665
0.578947368421053	0.272727272727273	0.617930393545938	0.341818181818182	0.23936691647712
0.526315789473684	0.272727272727273	0.735029550692559	0.254545454545454	0.552002936174433
0.368421052631579	0.272727272727273	0.624203562678793	0.290909090909091	0.682891889136216
0.526315789473684	0.272727272727273	0.732938494314941	0.229090909090909	0.682891889136216
0.421052631578947	0.272727272727273	0.515468631042645	0.432727272727273	0.204263279831275
0.368421052631579	0.363636363636364	0.627592816557516	0.309090909090909	0.487154025540767
0.368421052631579	0.363636363636364	0.696205603948114	0.301818181818182	0.487154025540767
0.578947368421053	0.272727272727273	0.773191329584092	0.305454545454545	0.487154025540767
0.526315789473684	0.363636363636364	0.731753562367624	0.229090909090909	0.524339466314224
0.421052631578947	0.0909090909090909	0.664491248887571	0.381818181818182	0.676024436986799
0.368421052631579	0.363636363636364	0.623018630731476	0.290909090909091	0.524339466314224
0.578947368421053	0.181818181818182	0.768172794277808	0.294545454545455	0.682891889136216
0.368421052631579	0.363636363636364	0.474553627920581	0.32	0.23936691647712
0.578947368421053	0.181818181818182	0.770525232702628	0.290909090909091	0.657023630588665
0.31578947368421	0.454545454545455	0.588715348727215	0.210909090909091	0.524339466314224
				
0.736842105263158	0.454545454545455	0.896847442086243	0.869090909090909	0.380071908621748
0.736842105263158	0.181818181818182	0.852729886547745	0.923636363636363	0.510936290586211
0.368421052631579	0.727272727272727	0.824228041314959	0.781818181818182	0.586681294025178
0.368421052631579	0.727272727272727	0.597821401381176	0.785454545454545	0.493096251648077
0.368421052631579	0.636363636363636	0.763878979792998	0.803636363636364	0.626779011584879
0.368421052631579	0.636363636363636	0.753527101791712	0.832727272727273	0.612650801604868
0.578947368421053	0.545454545454545	0.80903552099043	0.858181818181818	0.624496246853713
0.736842105263158	0.454545454545455	0.887875814485129	0.890909090909091	0.40916571448507
				
0.0526315789473684	0.545454545454545	0.574024018105893	0.381818181818182	0.647042002583403
0.0526315789473684	0.545454545454545	0.506877874424597	0.436363636363636	0.45844670733964
0.0526315789473684	0.545454545454545	0.540450946265245	0.425454545454546	0.503788750331831
0.368421052631579	0.363636363636364	0.554013770270074	0.4	0.474215860477199
0.263157894736842	0.545454545454545	0.649069708102636	0.425454545454546	0.474215860477199
0.578947368421053	0.181818181818182	0.699167933816406	0.425454545454546	0.503788750331831
0.0526315789473684	0.545454545454545	0.502928101266873	0.389090909090909	0.629014102624135
0.578947368421053	0.272727272727273	0.695299479517813	0.407272727272727	0.474215860477199
0.526315789473684	0.363636363636364	0.660657645528604	0.349090909090909	0.474215860477199
0.578947368421053	0.0909090909090909	0.761144521453035	0.392727272727273	0.668285959025692
0.368421052631579	0.181818181818182	0.614015471327842	0.374545454545455	0.668285959025692
0.31578947368421	0.454545454545455	0.614156534654903	0.338181818181818	0.474215860477199
0.263157894736842	0.454545454545455	0.649704493074413	0.432727272727273	0.45844670733964
0.31578947368421	0.272727272727273	0.61618784656459	0.345454545454545	0.668285959025692
0.368421052631579	0.272727272727273	0.61618784656459	0.414545454545455	0.45844670733964
0.31578947368421	0.363636363636364	0.613028028038411	0.327272727272727	0.629014102624135
0.263157894736842	0.454545454545455	0.64575471991669	0.392727272727273	0.629014102624135
				
0.31578947368421	0.545454545454545	0.53819393303226	0.301818181818182	0.531045745772622
0.526315789473684	0.454545454545455	0.534347882909141	0.294545454545455	0.404523956743846
0.631578947368421	0.272727272727273	0.617669011498736	0.454545454545455	0.487584521100577
0.368421052631579	0.454545454545455	0.532396230290031	0.403636363636364	0.262774987270089
0.31578947368421	0.545454545454545	0.486141565346549	0.341818181818182	0.356461574541709
0.368421052631579	0.545454545454545	0.435433448189307	0.461818181818182	0.359181913751654
0.578947368421053	0.363636363636364	0.577015390423875	0.432727272727273	0.359181913751654
0.526315789473684	0.454545454545455	0.542712108419614	0.367272727272727	0.359181913751654
0.31578947368421	0.454545454545455	0.563204460920272	0.305454545454545	0.510936290586211
0.31578947368421	0.363636363636364	0.452074771861185	0.338181818181818	0.493046088971216
0.31578947368421	0.545454545454545	0.460526124720726	0.269090909090909	0.588141578007766
0.31578947368421	0.545454545454545	0.488363312747768	0.341818181818182	0.311123821294452
0.31578947368421	0.545454545454545	0.496213486898744	0.32	0.262774987270089
0.31578947368421	0.636363636363636	0.399391768125082	0.378181818181818	0.359181913751654
0.31578947368421	0.636363636363636	0.395209655369845	0.341818181818182	0.404523956743846
0.31578947368421	0.363636363636364	0.44109672587869	0.330909090909091	0.586546602770593
0.526315789473684	0.363636363636364	0.604199123332912	0.258181818181818	0.588141578007766

